Stage_1 8000.000000  1.163410  21806.725500
Stage_1 7968.059923  1.163410  21719.672819
Stage_1 7936.247351  1.163409  21632.967654
Stage_1 7904.561775  1.163409  21546.608617
Stage_1 7873.002688  1.163408  21460.594325
Stage_1 7841.569585  1.163407  21374.923404
Stage_1 7810.261964  1.163406  21289.594482
Stage_1 7779.079323  1.163405  21204.606194
Stage_1 7748.021163  1.163404  21119.957180
Stage_1 7717.086988  1.163402  21035.646086
Stage_1 7686.276303  1.163401  20951.671563
Stage_1 7655.588614  1.163399  20868.032267
Stage_1 7625.023430  1.163397  20784.726860
Stage_1 7594.580264  1.163395  20701.754008
Stage_1 7564.258626  1.163393  20619.112386
Stage_1 7534.058033  1.163390  20536.800670
Stage_1 7503.978001  1.163387  20454.817542
Stage_1 7474.018049  1.163384  20373.161693
Stage_1 7444.177697  1.163380  20291.831814
Stage_1 7414.456469  1.163375  20210.826605
Stage_1 7384.853887  1.163370  20130.144770
Stage_1 7355.369480  1.163365  20049.785018
Stage_1 7326.002775  1.163358  19969.746062
Stage_1 7296.753302  1.163351  19890.026623
Stage_1 7267.620593  1.163343  19810.625425
Stage_1 7238.604182  1.163334  19731.541197
Stage_1 7209.703605  1.163323  19652.772675
Stage_1 7180.918399  1.163311  19574.318597
Stage_1 7152.248104  1.163298  19496.177708
Stage_1 7123.692262  1.163282  19418.348759
Stage_1 7095.250414  1.163265  19340.830504
Stage_1 7066.922107  1.163245  19263.621702
Stage_1 7038.706887  1.163222  19186.721119
Stage_1 7010.604302  1.163197  19110.127524
Stage_1 6982.613903  1.163167  19033.839691
Stage_1 6954.735241  1.163134  18957.856401
Stage_1 6926.967872  1.163096  18882.176436
Stage_1 6899.311351  1.163053  18806.798586
Stage_1 6871.765234  1.163003  18731.721646
Stage_1 6844.329082  1.162947  18656.944413
Stage_1 6817.002456  1.162882  18582.465693
Stage_1 6789.784917  1.162809  18508.284291
Stage_1 6762.676031  1.162725  18434.399023
Stage_1 6735.675365  1.162629  18360.808706
Stage_1 6708.782485  1.162520  18287.512162
Stage_1 6681.996962  1.162395  18214.508219
Stage_1 6655.318366  1.162252  18141.795708
Stage_1 6628.746273  1.162089  18069.373466
Stage_1 6602.280255  1.161902  17997.240334
Stage_1 6575.919890  1.161689  17925.395159
Stage_1 6549.664755  1.161446  17853.836791
Stage_1 6523.514432  1.161168  17782.564084
Stage_1 6497.468501  1.160851  17711.575899
Stage_1 6471.526545  1.160489  17640.871099
Stage_1 6445.688150  1.160077  17570.448554
Stage_1 6419.952902  1.159607  17500.307136
Stage_1 6394.320390  1.159073  17430.445723
Stage_1 6368.790203  1.158466  17360.863198
Stage_1 6343.361933  1.157778  17291.558447
Stage_1 6318.035172  1.157000  17222.530362
Stage_1 6292.809516  1.156120  17153.777837
Stage_1 6267.684562  1.155130  17085.299773
Stage_1 6242.659906  1.154018  17017.095074
Stage_1 6217.735149  1.152775  16949.162649
Stage_1 6192.909892  1.151389  16881.501411
Stage_1 6168.183738  1.149852  16814.110278
Stage_1 6143.556291  1.148156  16746.988171
Stage_1 6119.027157  1.146294  16680.134015
Stage_1 6094.595943  1.144265  16613.546743
Stage_1 6070.262259  1.142067  16547.225287
Stage_1 6046.025715  1.139704  16481.168587
Stage_1 6021.885924  1.137186  16415.375587
Stage_1 5997.842500  1.134524  16349.845232
Stage_1 5973.895056  1.131736  16284.576476
Stage_1 5950.043212  1.128845  16219.568273
Stage_1 5926.286584  1.125877  16154.819584
Stage_1 5902.624792  1.122861  16090.329372
Stage_1 5879.057459  1.119830  16026.096606
Stage_1 5855.584207  1.116816  15962.120257
Stage_1 5832.204661  1.113852  15898.399303
Stage_1 5808.918446  1.110967  15834.932724
Stage_1 5785.725189  1.108190  15771.719503
Stage_1 5762.624521  1.105543  15708.758631
Stage_1 5739.616070  1.103047  15646.049099
Stage_1 5716.699470  1.100715  15583.589904
Stage_1 5693.874352  1.098556  15521.380048
Stage_1 5671.140353  1.096574  15459.418533
Stage_1 5648.497109  1.094769  15397.704369
Stage_1 5625.944256  1.093138  15336.236570
Stage_1 5603.481435  1.091674  15275.014150
Stage_1 5581.108285  1.090368  15214.036130
Stage_1 5558.824449  1.089210  15153.301536
Stage_1 5536.629571  1.088188  15092.809395
Stage_1 5514.523294  1.087291  15032.558739
Stage_1 5492.505267  1.086506  14972.548604
Stage_1 5470.575135  1.085823  14912.778031
Stage_1 5448.732549  1.085230  14853.246062
Stage_1 5426.977158  1.084717  14793.951745
Stage_1 5405.308616  1.084275  14734.894132
Stage_1 5383.726574  1.083894  14676.072278
Stage_1 5362.230688  1.083567  14617.485241
Stage_1 5340.820614  1.083286  14559.132084
Stage_1 5319.496009  1.083047  14501.011874
Stage_1 5298.256533  1.082842  14443.123680
Stage_1 5277.101844  1.082668  14385.466576
Stage_1 5256.031605  1.082519  14328.039640
Stage_1 5235.045479  1.082393  14270.841953
Stage_1 5214.143130  1.082286  14213.872600
Stage_1 5193.324223  1.082195  14157.130669
Stage_1 5172.588425  1.082118  14100.615253
Stage_1 5151.935405  1.082053  14044.325447
Stage_1 5131.364832  1.081998  13988.260350
Stage_1 5110.876377  1.081951  13932.419065
Stage_1 5090.469712  1.081912  13876.800700
Stage_1 5070.144511  1.081879  13821.404364
Stage_1 5049.900448  1.081851  13766.229170
Stage_1 5029.737199  1.081828  13711.274237
Stage_1 5009.654443  1.081808  13656.538684
Stage_1 4989.651857  1.081792  13602.021636
Stage_1 4969.729121  1.081778  13547.722221
Stage_1 4949.885918  1.081766  13493.639569
Stage_1 4930.121929  1.081756  13439.772816
Stage_1 4910.436837  1.081748  13386.121100
Stage_1 4890.830329  1.081741  13332.683562
Stage_1 4871.302090  1.081736  13279.459347
Stage_1 4851.851808  1.081731  13226.447604
Stage_1 4832.479172  1.081727  13173.647484
Stage_1 4813.183872  1.081724  13121.058143
Stage_1 4793.965599  1.081721  13068.678739
Stage_1 4774.824045  1.081719  13016.508434
Stage_1 4755.758904  1.081717  12964.546394
Stage_1 4736.769872  1.081715  12912.791786
Stage_1 4717.856644  1.081714  12861.243784
Stage_1 4699.018918  1.081713  12809.901562
Stage_1 4680.256393  1.081712  12758.764298
Stage_1 4661.568767  1.081711  12707.831175
Stage_1 4642.955743  1.081710  12657.101378
Stage_1 4624.417022  1.081710  12606.574094
Stage_1 4605.952308  1.081709  12556.248516
Stage_1 4587.561305  1.081709  12506.123838
Stage_1 4569.243720  1.081709  12456.199258
Stage_1 4550.999258  1.081708  12406.473978
Stage_1 4532.827629  1.081708  12356.947202
Stage_1 4514.728540  1.081708  12307.618137
Stage_1 4496.701704  1.081708  12258.485994
Stage_1 4478.746831  1.081708  12209.549988
Stage_1 4460.863634  1.081708  12160.809334
Stage_1 4443.051827  1.081708  12112.263253
Stage_1 4425.311124  1.081708  12063.910970
Stage_1 4407.641243  1.081708  12015.751708
Stage_1 4390.041900  1.081708  11967.784700
Stage_1 4372.512814  1.081708  11920.009175
Stage_1 4355.053705  1.081707  11872.424372
Stage_1 4337.664292  1.081707  11825.029527
Stage_1 4320.344298  1.081707  11777.823883
Stage_1 4303.093445  1.081707  11730.806685
Stage_1 4285.911458  1.081707  11683.977180
Stage_1 4268.798062  1.081707  11637.334618
Stage_1 4251.752983  1.081707  11590.878254
Stage_1 4234.775947  1.081707  11544.607345
Stage_1 4217.866685  1.081707  11498.521149
Stage_1 4201.024924  1.081707  11452.618930
Stage_1 4184.250396  1.081707  11406.899954
Stage_1 4167.542832  1.081707  11361.363487
Stage_1 4150.901964  1.081707  11316.008803
Stage_2 4134.327527  1.081707  11270.833801
Stage_2 4117.819256  1.081707  11225.840500
Stage_2 4101.376885  1.081707  11181.026813
Stage_2 4085.000153  1.081707  11136.392023
Stage_2 4068.688797  1.081707  11091.935415
Stage_2 4052.442556  1.081707  11047.656278
Stage_2 4036.261170  1.081707  11003.553904
Stage_2 4020.144380  1.081707  10959.627587
Stage_2 4004.091929  1.081707  10915.876624
Stage_2 3988.103560  1.081707  10872.300315
Stage_2 3972.179016  1.081707  10828.897964
Stage_2 3956.318043  1.081707  10785.668875
Stage_2 3940.520387  1.081707  10742.612357
Stage_2 3924.785795  1.081707  10699.727721
Stage_2 3909.114017  1.081707  10657.014281
Stage_2 3893.504800  1.081707  10614.471353
Stage_2 3877.957895  1.081707  10572.098257
Stage_2 3862.473054  1.081707  10529.894315
Stage_2 3847.050028  1.081707  10487.858851
Stage_2 3831.688572  1.081707  10445.991193
Stage_2 3816.388438  1.081707  10404.290672
Stage_2 3801.149383  1.081707  10362.756619
Stage_2 3785.971162  1.081707  10321.388370
Stage_2 3770.853533  1.081707  10280.185264
Stage_2 3755.796253  1.081707  10239.146641
Stage_2 3740.799083  1.081707  10198.271845
Stage_2 3725.861781  1.081707  10157.560221
Stage_2 3710.984109  1.081707  10117.011119
Stage_2 3696.165829  1.081707  10076.623888
Stage_2 3681.406703  1.081707  10036.397884
Stage_2 3666.706496  1.081707  9996.332463
Stage_2 3652.064973  1.081707  9956.426983
Stage_2 3637.481899  1.081707  9916.680806
Stage_2 3622.957040  1.081707  9877.093296
Stage_2 3608.490165  1.081707  9837.663820
Stage_2 3594.081042  1.081707  9798.391746
Stage_2 3579.729440  1.081707  9759.276447
Stage_2 3565.435130  1.081707  9720.317297
Stage_2 3551.197883  1.081707  9681.513672
Stage_2 3537.017471  1.081707  9642.864951
Stage_2 3522.893668  1.081707  9604.370517
Stage_2 3508.826247  1.081707  9566.029752
Stage_2 3494.814983  1.081707  9527.842044
Stage_2 3480.859652  1.081706  9489.806782
Stage_2 3466.960031  1.081706  9451.923357
Stage_2 3453.115898  1.081706  9414.191163
Stage_2 3439.327030  1.081706  9376.609596
Stage_2 3425.593208  1.081706  9339.178055
Stage_2 3411.914212  1.081706  9301.895941
Stage_2 3398.289822  1.081706  9264.762658
Stage_2 3384.719821  1.081705  9227.777611
Stage_2 3371.203991  1.081705  9190.940208
Stage_2 3357.742117  1.081705  9154.249861
Stage_2 3344.333982  1.081704  9117.705982
Stage_2 3330.979374  1.081704  9081.307987
Stage_2 3317.678076  1.081704  9045.055292
Stage_2 3304.429878  1.081703  9008.947319
Stage_2 3291.234567  1.081703  8972.983489
Stage_2 3278.091931  1.081702  8937.163227
Stage_2 3265.001761  1.081701  8901.485959
Stage_2 3251.963848  1.081701  8865.951116
Stage_2 3238.977981  1.081700  8830.558128
Stage_2 3226.043955  1.081699  8795.306429
Stage_2 3213.161561  1.081698  8760.195455
Stage_2 3200.330594  1.081696  8725.224644
Stage_2 3187.550848  1.081695  8690.393438
Stage_2 3174.822119  1.081693  8655.701277
Stage_2 3162.144203  1.081691  8621.147608
Stage_2 3149.516898  1.081689  8586.731878
Stage_2 3136.940001  1.081686  8552.453535
Stage_2 3124.413311  1.081684  8518.312032
Stage_2 3111.936627  1.081680  8484.306822
Stage_2 3099.509751  1.081677  8450.437361
Stage_2 3087.132483  1.081672  8416.703107
Stage_2 3074.804626  1.081668  8383.103521
Stage_2 3062.525981  1.081662  8349.638064
Stage_2 3050.296352  1.081656  8316.306202
Stage_2 3038.115545  1.081648  8283.107401
Stage_2 3025.983363  1.081640  8250.041130
Stage_2 3013.899613  1.081631  8217.106859
Stage_2 3001.864102  1.081620  8184.304063
Stage_2 2989.876636  1.081607  8151.632215
Stage_2 2977.937025  1.081593  8119.090794
Stage_2 2966.045077  1.081576  8086.679278
Stage_2 2954.200601  1.081558  8054.397149
Stage_2 2942.403409  1.081536  8022.243891
Stage_2 2930.653311  1.081511  7990.218989
Stage_2 2918.950120  1.081483  7958.321930
Stage_2 2907.293648  1.081451  7926.552205
Stage_2 2895.683709  1.081414  7894.909305
Stage_2 2884.120116  1.081371  7863.392723
Stage_2 2872.602686  1.081323  7832.001956
Stage_2 2861.131234  1.081268  7800.736501
Stage_2 2849.705575  1.081206  7769.595858
Stage_2 2838.325528  1.081134  7738.579529
Stage_2 2826.990910  1.081054  7707.687017
Stage_2 2815.701541  1.080964  7676.917828
Stage_2 2804.457238  1.080864  7646.271470
Stage_2 2793.257823  1.080752  7615.747452
Stage_2 2782.103116  1.080629  7585.345286
Stage_2 2770.992938  1.080493  7555.064487
Stage_2 2759.927113  1.080345  7524.904568
Stage_2 2748.905463  1.080185  7494.865048
Stage_2 2737.927811  1.080011  7464.945446
Stage_2 2726.993982  1.079825  7435.145283
Stage_2 2716.103801  1.079627  7405.464082
Stage_2 2705.257093  1.079417  7375.901369
Stage_2 2694.453686  1.079195  7346.456671
Stage_2 2683.693406  1.078962  7317.129516
Stage_2 2672.976082  1.078719  7287.919435
Stage_2 2662.301541  1.078466  7258.825961
Stage_2 2651.669613  1.078203  7229.848628
Stage_2 2641.080127  1.077931  7200.986973
Stage_2 2630.532915  1.077651  7172.240534
Stage_2 2620.027808  1.077363  7143.608851
Stage_2 2609.564637  1.077068  7115.091466
Stage_2 2599.143235  1.076766  7086.687922
Stage_2 2588.763435  1.076458  7058.397765
Stage_2 2578.425072  1.076143  7030.220543
Stage_2 2568.127980  1.075823  7002.155805
Stage_2 2557.871994  1.075497  6974.203101
Stage_2 2547.656949  1.075167  6946.361984
Stage_2 2537.482684  1.074830  6918.632010
Stage_2 2527.349034  1.074489  6891.012733
Stage_2 2517.255837  1.074144  6863.503713
Stage_2 2507.202933  1.073793  6836.104509
Stage_2 2497.190160  1.073437  6808.814683
Stage_2 2487.217359  1.073077  6781.633798
Stage_2 2477.284368  1.072711  6754.561420
Stage_2 2467.391031  1.072341  6727.597114
Stage_2 2457.537188  1.071965  6700.740450
Stage_2 2447.722681  1.071584  6673.990998
Stage_2 2437.947354  1.071198  6647.348330
Stage_2 2428.211050  1.070805  6620.812019
Stage_2 2418.513614  1.070407  6594.381642
Stage_2 2408.854890  1.070002  6568.056775
Stage_2 2399.234723  1.069590  6541.836996
Stage_2 2389.652961  1.069171  6515.721888
Stage_2 2380.109448  1.068745  6489.711031
Stage_2 2370.604034  1.068311  6463.804009
Stage_2 2361.136566  1.067868  6438.000408
Stage_2 2351.706891  1.067418  6412.299816
Stage_2 2342.314860  1.066958  6386.701820
Stage_2 2332.960322  1.066490  6361.206012
Stage_2 2323.643128  1.066012  6335.811983
Stage_2 2314.363128  1.065523  6310.519327
Stage_2 2305.120173  1.065025  6285.327639
Stage_2 2295.914117  1.064517  6260.236517
Stage_2 2286.744812  1.063997  6235.245559
Stage_2 2277.612110  1.063467  6210.354364
Stage_2 2268.515866  1.062926  6185.562536
Stage_2 2259.455935  1.062374  6160.869676
Stage_2 2250.432170  1.061810  6136.275391
Stage_2 2241.444429  1.061236  6111.779285
Stage_2 2232.492567  1.060649  6087.380969
Stage_2 2223.576441  1.060052  6063.080051
Stage_2 2214.695908  1.059442  6038.876141
Stage_2 2205.850826  1.058821  6014.768854
Stage_2 2197.041054  1.058189  5990.757804
Stage_2 2188.266451  1.057544  5966.842605
Stage_2 2179.526876  1.056886  5943.022877
Stage_2 2170.822190  1.056216  5919.298236
Stage_2 2162.152252  1.055533  5895.668304
Stage_2 2153.516925  1.054836  5872.132703
Stage_2 2144.916071  1.054125  5848.691057
Stage_2 2136.349551  1.053400  5825.342989
Stage_2 2127.817229  1.052659  5802.088127
Stage_2 2119.318968  1.051902  5778.926098
Stage_2 2110.854632  1.051128  5755.856533
Stage_2 2102.424086  1.050337  5732.879061
Stage_2 2094.027194  1.049529  5709.993315
Stage_2 2085.663823  1.048701  5687.198929
Stage_2 2077.333839  1.047855  5664.495538
Stage_2 2069.037108  1.046989  5641.882779
Stage_2 2060.773498  1.046102  5619.360290
Stage_2 2052.542876  1.045194  5596.927711
Stage_2 2044.345111  1.044265  5574.584683
Stage_2 2036.180072  1.043314  5552.330849
Stage_2 2028.047627  1.042341  5530.165851
Stage_2 2019.947648  1.041345  5508.089336
Stage_2 2011.880003  1.040326  5486.100951
Stage_2 2003.844565  1.039284  5464.200344
Stage_2 1995.841204  1.038219  5442.387163
Stage_2 1987.869792  1.037130  5420.661061
Stage_2 1979.930203  1.036019  5399.021689
Stage_2 1972.022308  1.034884  5377.468702
Stage_2 1964.145982  1.033727  5356.001754
Stage_2 1956.301099  1.032549  5334.620502
Stage_2 1948.487532  1.031349  5313.324605
Stage_2 1940.705157  1.030130  5292.113720
Stage_2 1932.953849  1.028892  5270.987509
Stage_2 1925.233485  1.027638  5249.945634
Stage_2 1917.543940  1.026368  5228.987758
Stage_2 1909.885092  1.025085  5208.113546
Stage_2 1902.256819  1.023791  5187.322664
Stage_2 1894.658997  1.022489  5166.614779
Stage_2 1887.091506  1.021183  5145.989559
Stage_2 1879.554225  1.019875  5125.446676
Stage_2 1872.047032  1.018570  5104.985800
Stage_2 1864.569809  1.017272  5084.606603
Stage_2 1857.122434  1.015985  5064.308761
Stage_2 1849.704790  1.014714  5044.091947
Stage_2 1842.316756  1.013465  5023.955839
Stage_2 1834.958216  1.012242  5003.900114
Stage_2 1827.629051  1.011052  4983.924452
Stage_2 1820.329145  1.009900  4964.028532
Stage_2 1813.058379  1.008792  4944.212038
Stage_2 1805.816639  1.007734  4924.474650
Stage_2 1798.603808  1.006730  4904.816055
Stage_2 1791.419770  1.005786  4885.235936
Stage_2 1784.264411  1.004906  4865.733982
Stage_2 1777.137617  1.004095  4846.309879
Stage_2 1770.039272  1.003353  4826.963318
Stage_2 1762.969265  1.002683  4807.693988
Stage_2 1755.927481  1.002086  4788.501582
Stage_2 1748.913808  1.001559  4769.385791
Stage_2 1741.928133  1.001100  4750.346311
Stage_2 1734.970345  1.000704  4731.382837
Stage_2 1728.040333  1.000367  4712.495065
Stage_2 1721.137986  1.000080  4693.682693
Stage_2 1714.263193  0.999836  4674.945421
Stage_2 1707.415844  0.999626  4656.282947
Stage_2 1700.595829  0.999441  4637.694974
Stage_3 1693.803041  0.999273  4619.181204
Stage_3 1687.037369  0.999112  4600.741341
Stage_3 1680.298706  0.998950  4582.375090
Stage_3 1673.586943  0.998780  4564.082157
Stage_3 1666.901974  0.998595  4545.862250
Stage_3 1660.243692  0.998389  4527.715076
Stage_3 1653.611989  0.998157  4509.640346
Stage_3 1647.006761  0.997893  4491.637769
Stage_4 1640.427900  0.997590  4473.707056
Stage_4 1633.875303  0.997244  4455.847925
Stage_4 1627.348863  0.996846  4438.060088
Stage_4 1620.848477  0.996391  4420.343259
Stage_4 1614.374040  0.995867  4402.697156
Stage_4 1607.925450  0.995267  4385.121495
Stage_4 1601.502603  0.994579  4367.615997
Stage_4 1595.105395  0.993791  4350.180380
Stage_4 1588.733725  0.992889  4332.814365
Stage_4 1582.387491  0.991856  4315.517676
Stage_4 1576.066592  0.990677  4298.290034
Stage_4 1569.770925  0.989332  4281.131164
Stage_4 1563.500391  0.987802  4264.040792
Stage_4 1557.254888  0.986017  4247.018644
Stage_4 1551.034318  0.984044  4230.064447
Stage_4 1544.838581  0.981805  4213.177931
Stage_4 1538.667577  0.979275  4196.358825
Stage_4 1532.521207  0.976433  4179.606860
Stage_4 1526.399374  0.973254  4162.921767
Stage_4 1520.301980  0.969712  4146.303280
Stage_4 1514.228926  0.965787  4129.751132
Stage_4 1508.180116  0.961456  4113.265059
Stage_4 1502.155453  0.956702  4096.844797
Stage_4 1496.154840  0.951511  4080.490082
Stage_4 1490.178182  0.945872  4064.200654
Stage_4 1484.225383  0.939776  4047.976251
Stage_4 1478.296348  0.933219  4031.816614
Stage_4 1472.390981  0.926202  4015.721484
Stage_4 1466.509188  0.918727  3999.690603
Stage_4 1460.650876  0.910800  3983.723715
Stage_4 1454.815950  0.902430  3967.820564
Stage_4 1449.004317  0.893629  3951.980896
Stage_4 1443.215885  0.884409  3936.204458
Stage_4 1437.450559  0.874785  3920.490960
Stage_4 1431.708249  0.864782  3904.840222
Stage_4 1425.988863  0.854410  3889.251960
Stage_4 1420.292308  0.843694  3873.725922
Stage_4 1414.618494  0.832652  3858.261861
Stage_4 1408.967330  0.821307  3842.859529
Stage_4 1403.338725  0.809680  3827.518679
Stage_4 1397.732590  0.797793  3812.239067
Stage_4 1392.148835  0.785669  3797.020447
Stage_4 1386.587370  0.773329  3781.862575
Stage_4 1381.048106  0.760795  3766.765209
Stage_4 1375.530955  0.748089  3751.728108
Stage_4 1370.035829  0.735232  3736.751031
Stage_4 1364.562640  0.722243  3721.833737
Stage_4 1359.111299  0.709143  3706.975988
Stage_4 1353.681720  0.695951  3692.177546
Stage_4 1348.273816  0.682684  3677.438175
Stage_4 1342.887501  0.669362  3662.757637
Stage_4 1337.522688  0.656000  3648.135699
Stage_4 1332.179291  0.642614  3633.572125
Stage_4 1326.857225  0.629221  3619.066682
Stage_4 1321.556405  0.615834  3604.619139
Stage_4 1316.276745  0.602467  3590.229264
Stage_4 1311.018163  0.589135  3575.896826
Stage_4 1305.780572  0.575848  3561.621595
Stage_4 1300.563890  0.562618  3547.403344
Stage_4 1295.368033  0.549457  3533.241843
Stage_4 1290.192918  0.536375  3519.136867
Stage_4 1285.038462  0.523381  3505.088188
Stage_4 1279.904583  0.510486  3491.095583
Stage_4 1274.791198  0.497697  3477.158825
Stage_4 1269.698226  0.485022  3463.277693
Stage_4 1264.625585  0.472469  3449.451964
Stage_4 1259.573195  0.460046  3435.681415
Stage_4 1254.540973  0.447759  3421.965826
Stage_4 1249.528840  0.435614  3408.304977
Stage_4 1244.536716  0.423617  3394.698649
Stage_4 1239.564520  0.411775  3381.146623
Stage_4 1234.612173  0.400092  3367.648681
Stage_4 1229.679596  0.388573  3354.204608
Stage_4 1224.766710  0.377223  3340.814187
Stage_4 1219.873436  0.366046  3327.477202
Stage_4 1214.999696  0.355046  3314.193441
Stage_4 1210.145413  0.344228  3300.962688
Stage_4 1205.310507  0.333593  3287.784732
Stage_4 1200.494903  0.323147  3274.659361
Stage_4 1195.698522  0.312890  3261.586363
Stage_4 1190.921289  0.302827  3248.565528
Stage_4 1186.163127  0.292960  3235.596647
Stage_4 1181.423959  0.283289  3222.679510
Stage_4 1176.703710  0.273818  3209.813910
Stage_4 1172.002304  0.264548  3196.999638
Stage_4 1167.319666  0.255480  3184.236489
Stage_4 1162.655722  0.246614  3171.524257
Stage_4 1158.010396  0.237953  3158.862735
Stage_4 1153.383614  0.229495  3146.251720
Stage_4 1148.775302  0.221242  3133.691008
Stage_4 1144.185387  0.213193  3121.180395
Stage_4 1139.613795  0.205349  3108.719679
Stage_4 1135.060452  0.197707  3096.308657
Stage_4 1130.525287  0.190269  3083.947130
Stage_4 1126.008226  0.183032  3071.634896
Stage_4 1121.509197  0.175995  3059.371754
Stage_4 1117.028128  0.169158  3047.157506
Stage_4 1112.564948  0.162518  3034.991953
Stage_4 1108.119585  0.156074  3022.874896
Stage_4 1103.691968  0.149823  3010.806137
Stage_4 1099.282026  0.143763  2998.785480
Stage_4 1094.889688  0.137892  2986.812726
Stage_4 1090.514885  0.132208  2974.887681
Stage_4 1086.157546  0.126708  2963.010148
Stage_4 1081.817601  0.121388  2951.179932
Stage_4 1077.494982  0.116246  2939.396838
Stage_4 1073.189618  0.111279  2927.660670
Stage_4 1068.901442  0.106484  2915.971236
Stage_4 1064.630384  0.101857  2904.328340
Stage_4 1060.376376  0.097395  2892.731790
Stage_4 1056.139350  0.093094  2881.181392
Stage_4 1051.919239  0.088952  2869.676952
Stage_4 1047.715974  0.084963  2858.218278
Stage_4 1043.529489  0.081126  2846.805177
Stage_4 1039.359716  0.077435  2835.437457
Stage_4 1035.206589  0.073888  2824.114924
Stage_4 1031.070041  0.070480  2812.837387
Stage_4 1026.950006  0.067209  2801.604652
Stage_4 1022.846419  0.064069  2790.416529
Stage_4 1018.759213  0.061057  2779.272822
Stage_4 1014.688323  0.058171  2768.173341
Stage_4 1010.633685  0.055405  2757.117893
Stage_4 1006.595232  0.052756  2746.106283
Stage_4 1002.572902  0.050220  2735.138320
Stage_4 998.566628  0.047794  2724.213809
Stage_4 994.576347  0.045475  2713.332556
Stage_4 990.601996  0.043258  2702.494366
Stage_4 986.643510  0.041140  2691.699046
Stage_4 982.700827  0.039118  2680.946400
Stage_4 978.773882  0.037188  2670.236232
Stage_4 974.862615  0.035347  2659.568345
Stage_4 970.966961  0.033591  2648.942542
Stage_4 967.086858  0.031918  2638.358626
Stage_4 963.222245  0.030324  2627.816398
Stage_4 959.373060  0.028806  2617.315659
Stage_4 955.539240  0.027362  2606.856209
Stage_4 951.720725  0.025987  2596.437848
Stage_4 947.917454  0.024680  2586.060374
Stage_4 944.129366  0.023438  2575.723586
Stage_4 940.356399  0.022258  2565.427280
Stage_4 936.598494  0.021136  2555.171253
Stage_4 932.855591  0.020072  2544.955300
Stage_4 929.127630  0.019062  2534.779218
Stage_4 925.414550  0.018103  2524.642801
Stage_4 921.716293  0.017195  2514.545844
Stage_4 918.032800  0.016333  2504.488140
Stage_4 914.364011  0.015517  2494.469484
Stage_4 910.709869  0.014743  2484.489670
Stage_4 907.070313  0.014011  2474.548491
Stage_4 903.445287  0.013318  2464.645743
Stage_4 899.834731  0.012662  2454.781220
Stage_4 896.238590  0.012041  2444.954719
Stage_4 892.656804  0.011454  2435.166036
Stage_4 889.089316  0.010899  2425.414969
Stage_4 885.536070  0.010375  2415.701319
Stage_4 881.997009  0.009879  2406.024887
Stage_4 878.472075  0.009410  2396.385476
Stage_4 874.961213  0.008968  2386.782892
Stage_4 871.464367  0.008550  2377.216944
Stage_4 867.981480  0.008155  2367.687444
Stage_4 864.512496  0.007782  2358.194207
Stage_4 861.057361  0.007431  2348.737050
Stage_4 857.616019  0.007098  2339.315795
Stage_4 854.188415  0.006785  2329.930267
Stage_4 850.774494  0.006489  2320.580296
Stage_4 847.374201  0.006209  2311.265716
Stage_4 843.987482  0.005946  2301.986364
Stage_4 840.614283  0.005697  2292.742081
Stage_4 837.254550  0.005462  2283.532714
Stage_4 833.908229  0.005240  2274.358112
Stage_5 830.575266  0.005030  2265.444706
Stage_5 827.255609  0.004832  2256.158293
Stage_5 823.949203  0.004645  2247.065749
Stage_5 820.655997  0.004469  2238.150920
Stage_5 817.375938  0.004302  2229.042750
Stage_5 814.108972  0.004144  2220.060222
Stage_5 810.855049  0.003995  2211.192866
Stage_5 807.614115  0.003854  2201.522248
Stage_5 804.386119  0.003720  2193.241804
Stage_5 801.171009  0.003593  2184.505236
Stage_5 797.968733  0.003474  2175.722289
Stage_5 794.779242  0.003360  2166.896829
Stage_5 791.602483  0.003253  2158.700929
Stage_5 788.438405  0.003151  2149.620590
Stage_5 785.286958  0.003054  2140.879474
Stage_5 782.148093  0.002962  2132.449312
Stage_5 779.021757  0.002874  2123.673657
Stage_5 775.907902  0.002791  2115.067657
Stage_5 772.806477  0.002713  2106.617173
Stage_5 769.717433  0.002637  2097.456558
Stage_5 766.640721  0.002566  2089.409586
Stage_5 763.576291  0.002498  2081.072890
Stage_5 760.524095  0.002433  2072.470614
Stage_5 757.484082  0.002371  2064.264619
Stage_5 754.456206  0.002312  2055.965699
Stage_5 751.440417  0.002256  2047.581598
Stage_5 748.436666  0.002202  2039.743208
Stage_5 745.444907  0.002150  2031.245493
Stage_5 742.465091  0.002101  2022.956939
Stage_5 739.497171  0.002054  2014.860117
Stage_5 736.541098  0.002009  2006.161368
Stage_5 733.596826  0.001965  1998.328749
Stage_5 730.664308  0.001924  1990.328178
Stage_5 727.743496  0.001884  1982.173652
Stage_5 724.834344  0.001846  1974.658320
Stage_5 721.936806  0.001809  1966.411169
Stage_5 719.050834  0.001774  1958.357573
Stage_5 716.176384  0.001740  1950.481403
Stage_5 713.313408  0.001707  1942.194936
Stage_5 710.461861  0.001676  1934.486353
Stage_5 707.621698  0.001645  1926.529779
Stage_5 704.792873  0.001616  1919.325319
Stage_5 701.975340  0.001588  1911.289878
Stage_5 699.169055  0.001561  1903.435774
Stage_5 696.373973  0.001535  1895.747896
Stage_5 693.590048  0.001509  1887.762877
Stage_5 690.817237  0.001485  1880.198726
Stage_5 688.055496  0.001461  1872.518680
Stage_5 685.304779  0.001438  1865.160849
Stage_5 682.565043  0.001416  1857.041278
Stage_5 679.836244  0.001395  1849.709780
Stage_5 677.118338  0.001374  1842.133929
Stage_5 674.411283  0.001354  1835.079071
Stage_5 671.715034  0.001335  1827.494207
Stage_5 669.029548  0.001316  1820.067992
Stage_5 666.354783  0.001297  1812.441426
Stage_5 663.690695  0.001280  1805.391517
Stage_5 661.037243  0.001262  1797.328054
Stage_5 658.394383  0.001246  1790.246631
Stage_5 655.762074  0.001229  1782.943294
Stage_5 653.140273  0.001213  1776.014051
Stage_5 650.528938  0.001198  1768.331379
Stage_5 647.928027  0.001183  1761.279174
Stage_5 645.337500  0.001169  1754.100884
Stage_5 642.757314  0.001154  1747.132707
Stage_5 640.187428  0.001141  1739.793212
Stage_5 637.627801  0.001127  1733.072895
Stage_5 635.078392  0.001114  1725.395338
Stage_5 632.539160  0.001101  1718.516730
Stage_5 630.010065  0.001089  1711.520633
Stage_5 627.491066  0.001077  1704.690814
Stage_5 624.982123  0.001065  1697.590755
Stage_5 622.483195  0.001053  1690.885846
Stage_5 619.994244  0.001042  1683.648176
Stage_5 617.515228  0.001031  1677.200050
Stage_5 615.046109  0.001020  1669.726472
Stage_5 612.586846  0.001010  1663.035444
Stage_5 610.137401  0.001000  1656.263085
Stage_5 607.697734  0.000990  1649.592150
Stage_5 605.267806  0.000980  1642.780972
Stage_5 602.847579  0.000970  1636.152855
Stage_5 600.437013  0.000961  1629.328773
Stage_5 598.036070  0.000952  1622.780759
Stage_5 595.644711  0.000943  1615.954879
Stage_5 593.262899  0.000934  1609.501965
Stage_5 590.890595  0.000925  1602.676600
Stage_5 588.527762  0.000917  1596.320184
Stage_5 586.174361  0.000909  1589.500032
Stage_5 583.830354  0.000901  1583.232456
Stage_5 581.495705  0.000893  1576.428388
Stage_5 579.170376  0.000885  1570.234967
Stage_5 576.854330  0.000877  1563.463464
Stage_5 574.547529  0.000870  1557.325055
Stage_5 572.249938  0.000863  1550.605347
Stage_5 569.961518  0.000856  1544.501904
Stage_5 567.682233  0.000849  1537.852242
Stage_5 565.412048  0.000842  1531.766502
Stage_5 563.150925  0.000835  1525.200811
Stage_5 560.898828  0.000828  1519.121047
Stage_5 558.655722  0.000822  1512.646947
Stage_5 556.421571  0.000815  1506.568081
Stage_5 554.196338  0.000809  1500.186641
Stage_5 551.979988  0.000803  1494.109684
Stage_5 549.772486  0.000797  1487.816657
Stage_5 547.573796  0.000791  1481.746973
Stage_5 545.383884  0.000785  1475.534840
Stage_5 543.202714  0.000779  1469.479989
Stage_5 541.030251  0.000774  1463.340056
Stage_5 538.866460  0.000768  1457.307886
Stage_5 536.711307  0.000763  1451.231914
Stage_5 534.564758  0.000757  1445.229270
Stage_5 532.426778  0.000752  1439.210406
Stage_5 530.297333  0.000747  1433.242534
Stage_5 528.176388  0.000742  1427.275614
Stage_5 526.063910  0.000737  1421.346104
Stage_5 523.959865  0.000732  1415.427522
Stage_5 521.864220  0.000727  1409.538567
Stage_5 519.776941  0.000722  1403.665942
Stage_5 517.697993  0.000718  1397.818706
Stage_5 515.627345  0.000713  1391.990506
Stage_5 513.564964  0.000708  1386.185476
Stage_5 511.510815  0.000704  1380.400710
Stage_5 509.464866  0.000700  1374.637966
Stage_5 507.427085  0.000695  1368.895952
Stage_5 505.397439  0.000691  1363.175349
Stage_5 503.375895  0.000687  1357.475577
Stage_5 501.362421  0.000683  1351.796853
Stage_5 499.356985  0.000679  1346.138898
Stage_5 497.359554  0.000674  1340.501739
Stage_5 495.370098  0.000671  1334.885219
Stage_5 493.388583  0.000667  1329.289289
Stage_5 491.414978  0.000663  1323.713839
Stage_5 489.449252  0.000659  1318.158794
Stage_5 487.491374  0.000655  1312.624061
Stage_5 485.541311  0.000651  1307.109557
Stage_5 483.599033  0.000648  1301.615194
Stage_5 481.664508  0.000644  1296.140888
Stage_5 479.737707  0.000641  1290.686552
Stage_5 477.818597  0.000637  1285.252102
Stage_5 475.907148  0.000634  1279.837453
Stage_5 474.003329  0.000630  1274.442523
Stage_5 472.107111  0.000627  1269.067226
Stage_5 470.218462  0.000624  1263.711480
Stage_5 468.337353  0.000620  1258.375202
Stage_5 466.463753  0.000617  1253.058310
Stage_5 464.597633  0.000614  1247.760722
Stage_5 462.738962  0.000611  1242.482356
Stage_5 460.887712  0.000608  1237.223131
Stage_5 459.043851  0.000605  1231.982966
Stage_5 457.207351  0.000602  1226.761781
Stage_5 455.378182  0.000599  1221.559497
Stage_5 453.556316  0.000596  1216.376032
Stage_5 451.741722  0.000593  1211.211309
Stage_5 449.934372  0.000590  1206.065249
Stage_5 448.134237  0.000587  1200.937773
Stage_5 446.341289  0.000584  1195.828803
Stage_5 444.555498  0.000582  1190.738262
Stage_5 442.776835  0.000579  1185.666072
Stage_5 441.005273  0.000576  1180.612157
Stage_5 439.240784  0.000573  1175.576441
Stage_5 437.483338  0.000571  1170.558848
Stage_5 435.732908  0.000568  1165.559302
Stage_5 433.989465  0.000566  1160.577727
Stage_5 432.252983  0.000563  1155.614050
Stage_5 430.523432  0.000561  1150.668195
Stage_5 428.800786  0.000558  1145.740090
Stage_5 427.085017  0.000556  1140.829660
Stage_5 425.376097  0.000553  1135.936832
Stage_5 423.673999  0.000551  1131.061533
Stage_5 421.978696  0.000548  1126.203692
Stage_5 420.290160  0.000546  1121.363235
Stage_5 418.608365  0.000544  1116.540093
Stage_5 416.933284  0.000542  1111.734192
Stage_5 415.264890  0.000539  1106.945463
Stage_5 413.603156  0.000537  1102.173836
Stage_5 411.948056  0.000535  1097.419239
Stage_5 410.299563  0.000533  1092.681604
Stage_5 408.657651  0.000530  1087.960862
Stage_5 407.022293  0.000528  1083.256943
Stage_5 405.393464  0.000526  1078.569779
Stage_5 403.771137  0.000524  1073.899302
Stage_5 402.155286  0.000522  1069.245445
Stage_5 400.545886  0.000520  1064.608140
Stage_5 398.942910  0.000518  1059.987320
Stage_5 397.346334  0.000516  1055.382920
Stage_5 395.756131  0.000514  1050.794872
Stage_5 394.172276  0.000512  1046.223111
Stage_5 392.594745  0.000510  1041.667572
Stage_5 391.023510  0.000508  1037.128190
Stage_5 389.458548  0.000506  1032.604900
Stage_5 387.899833  0.000504  1028.097638
Stage_5 386.347341  0.000502  1023.606341
Stage_5 384.801046  0.000501  1019.130945
Stage_5 383.260925  0.000499  1014.671387
Stage_5 381.726951  0.000497  1010.227604
Stage_5 380.199101  0.000495  1005.799535
Stage_5 378.677350  0.000493  1001.387117
Stage_5 377.161674  0.000492  996.990289
Stage_5 375.652048  0.000490  992.608990
Stage_5 374.148449  0.000488  988.243159
Stage_5 372.650853  0.000486  983.892736
Stage_5 371.159235  0.000485  979.557661
Stage_5 369.673571  0.000483  975.237875
Stage_5 368.193838  0.000481  970.933317
Stage_5 366.720012  0.000480  966.643930
Stage_5 365.252070  0.000478  962.369655
Stage_5 363.789988  0.000476  958.110434
Stage_5 362.333743  0.000475  953.866210
Stage_5 360.883310  0.000473  949.636924
Stage_5 359.438668  0.000472  945.422520
Stage_5 357.999793  0.000470  941.222942
Stage_5 356.566662  0.000469  937.038134
Stage_5 355.139252  0.000467  932.868038
Stage_5 353.717541  0.000466  928.712601
Stage_5 352.301505  0.000464  924.571767
Stage_5 350.891121  0.000463  920.445482
Stage_5 349.486368  0.000461  916.333690
Stage_5 348.087223  0.000460  912.236339
Stage_5 346.693663  0.000458  908.153374
Stage_5 345.305666  0.000457  904.084742
Stage_5 343.923210  0.000455  900.030391
Stage_5 342.546273  0.000454  895.990268
Stage_5 341.174833  0.000453  891.964320
Stage_5 339.808867  0.000451  887.952497
Stage_5 338.448354  0.000450  883.954746
Stage_5 337.093273  0.000448  879.971016
Stage_5 335.743601  0.000447  876.001258
Stage_5 334.399317  0.000446  872.045420
Stage_5 333.060399  0.000444  868.103452
Stage_5 331.726827  0.000443  864.175305
Stage_5 330.398578  0.000442  860.260930
Stage_5 329.075631  0.000441  856.360277
Stage_5 327.757965  0.000439  852.473299
Stage_5 326.445560  0.000438  848.599946
Stage_5 325.138394  0.000437  844.740171
Stage_5 323.836446  0.000435  840.893927
Stage_5 322.539696  0.000434  837.061166
Stage_5 321.248122  0.000433  833.241841
Stage_5 319.961704  0.000432  829.435906
Stage_5 318.680421  0.000431  825.643315
Stage_5 317.404253  0.000429  821.864022
Stage_5 316.133180  0.000428  818.097981
Stage_5 314.867181  0.000427  814.345148
Stage_5 313.606236  0.000426  810.605477
Stage_5 312.350325  0.000425  806.878924
Stage_5 311.099427  0.000424  803.165445
Stage_5 309.853523  0.000422  799.464995
Stage_5 308.612592  0.000421  795.777533
Stage_5 307.376615  0.000420  792.103014
Stage_5 306.145573  0.000419  788.441395
Stage_5 304.919444  0.000418  784.792634
Stage_5 303.698210  0.000417  781.156690
Stage_5 302.481852  0.000416  777.533519
Stage_5 301.270349  0.000415  773.923081
Stage_5 300.063683  0.000414  770.325334
Stage_5 298.861833  0.000413  766.740237
Stage_5 297.664782  0.000412  763.167750
Stage_5 296.472509  0.000410  759.607832
Stage_5 295.284995  0.000409  756.060444
Stage_5 294.102222  0.000408  752.525546
Stage_5 292.924171  0.000407  749.003099
Stage_5 291.750823  0.000406  745.493062
Stage_5 290.582158  0.000405  741.995399
Stage_5 289.418159  0.000404  738.510070
Stage_5 288.258807  0.000403  735.037036
Stage_5 287.104083  0.000402  731.576262
Stage_5 285.953968  0.000401  728.127707
Stage_5 284.808445  0.000400  724.691337
Stage_5 283.667494  0.000399  721.267112
Stage_5 282.531099  0.000399  717.854998
Stage_5 281.399240  0.000398  714.454957
Stage_5 280.271899  0.000397  711.066953
Stage_5 279.149058  0.000396  707.690951
Stage_5 278.030700  0.000395  704.326915
Stage_5 276.916807  0.000394  700.974809
Stage_5 275.807360  0.000393  697.634599
Stage_5 274.702342  0.000392  694.306250
Stage_5 273.601735  0.000391  690.989728
Stage_5 272.505522  0.000390  687.684998
Stage_5 271.413685  0.000389  684.392027
Stage_5 270.326207  0.000388  681.110780
Stage_5 269.243070  0.000388  677.841225
Stage_5 268.164257  0.000387  674.583328
Stage_5 267.089750  0.000386  671.337057
Stage_5 266.019533  0.000385  668.102379
Stage_5 264.953588  0.000384  664.879262
Stage_5 263.891899  0.000383  661.667673
Stage_5 262.834447  0.000383  658.467581
Stage_5 261.781217  0.000382  655.278953
Stage_5 260.732192  0.000381  652.101760
Stage_5 259.687354  0.000380  648.935969
Stage_5 258.646688  0.000379  645.781551
Stage_5 257.610175  0.000378  642.638473
Stage_5 256.577801  0.000378  639.506706
Stage_5 255.549547  0.000377  636.386220
Stage_5 254.525399  0.000376  633.276985
Stage_5 253.505339  0.000375  630.178970
Stage_5 252.489351  0.000374  627.092148
Stage_5 251.477418  0.000374  624.016487
Stage_5 250.469526  0.000373  620.951960
Stage_5 249.465657  0.000372  617.898537
Stage_5 248.465795  0.000371  614.856191
Stage_5 247.469925  0.000371  611.824892
Stage_5 246.478031  0.000370  608.804612
Stage_5 245.490096  0.000369  605.795324
Stage_5 244.506105  0.000368  602.796999
Stage_5 243.526042  0.000368  599.809610
Stage_5 242.549891  0.000367  596.833131
Stage_5 241.577637  0.000366  593.867532
Stage_5 240.609265  0.000365  590.912789
Stage_5 239.644758  0.000365  587.968873
Stage_5 238.684102  0.000364  585.035759
Stage_5 237.727280  0.000363  582.113419
Stage_5 236.774278  0.000363  579.201829
Stage_5 235.825081  0.000362  576.300961
Stage_5 234.879673  0.000361  573.410789
Stage_5 233.938038  0.000360  570.531289
Stage_5 233.000163  0.000360  567.662435
Stage_5 232.066032  0.000359  564.804201
Stage_5 231.135630  0.000358  561.956563
Stage_5 230.208942  0.000358  559.119494
Stage_5 229.285954  0.000357  556.292971
Stage_5 228.366650  0.000356  553.476969
Stage_5 227.451015  0.000356  550.671463
Stage_5 226.539037  0.000355  547.876430
Stage_5 225.630698  0.000354  545.091843
Stage_5 224.725986  0.000354  542.317681
Stage_5 223.824886  0.000353  539.553918
Stage_5 222.927382  0.000352  536.800532
Stage_5 222.033462  0.000352  534.057498
Stage_5 221.143110  0.000351  531.324793
Stage_5 220.256312  0.000351  528.602393
Stage_5 219.373055  0.000350  525.890277
Stage_5 218.493323  0.000349  523.188419
Stage_5 217.617103  0.000349  520.496798
Stage_5 216.744381  0.000348  517.815391
Stage_5 215.875144  0.000347  515.144175
Stage_5 215.009376  0.000347  512.483128
Stage_5 214.147064  0.000346  509.832227
Stage_5 213.288195  0.000346  507.191449
Stage_5 212.432754  0.000345  504.560773
Stage_5 211.580728  0.000344  501.940176
Stage_5 210.732104  0.000344  499.329637
Stage_5 209.886867  0.000343  496.729134
Stage_5 209.045004  0.000343  494.138644
Stage_5 208.206502  0.000342  491.558147
Stage_5 207.371348  0.000342  488.987621
Stage_5 206.539527  0.000341  486.427043
Stage_5 205.711027  0.000340  483.876394
Stage_5 204.885834  0.000340  481.335651
Stage_5 204.063936  0.000339  478.804793
Stage_5 203.245318  0.000339  476.283800
Stage_5 202.429969  0.000338  473.772649
Stage_5 201.617874  0.000338  471.271322
Stage_5 200.809022  0.000337  468.779795
Stage_5 200.003398  0.000336  466.298050
Stage_5 199.200990  0.000336  463.826064
Stage_5 198.401786  0.000335  461.363818
Stage_5 197.605772  0.000335  458.911290
Stage_5 196.812935  0.000334  456.468461
Stage_5 196.023264  0.000334  454.035310
Stage_5 195.236745  0.000333  451.611817
Stage_5 194.453366  0.000333  449.197960
Stage_5 193.673114  0.000332  446.793721
Stage_5 192.895977  0.000332  444.399079
Stage_5 192.121942  0.000331  442.014013
Stage_5 191.350997  0.000331  439.638504
Stage_5 190.583130  0.000330  437.272532
Stage_5 189.818328  0.000330  434.916077
Stage_5 189.056579  0.000329  432.569118
Stage_5 188.297871  0.000329  430.231636
Stage_5 187.542192  0.000328  427.903611
Stage_5 186.789530  0.000328  425.585024
Stage_5 186.039872  0.000327  423.275854
Stage_5 185.293207  0.000327  420.976082
Stage_5 184.549522  0.000326  418.685688
Stage_5 183.808807  0.000326  416.404653
Stage_5 183.071048  0.000325  414.132957
Stage_5 182.336234  0.000325  411.870579
Stage_5 181.604354  0.000324  409.617502
Stage_5 180.875396  0.000324  407.373705
Stage_5 180.149347  0.000323  405.139168
Stage_5 179.426197  0.000323  402.913873
Stage_5 178.705934  0.000322  400.697799
Stage_5 177.988546  0.000322  398.490928
Stage_5 177.274021  0.000321  396.293240
Stage_5 176.562350  0.000321  394.104715
Stage_5 175.853519  0.000320  391.925334
Stage_5 175.147518  0.000320  389.755077
Stage_5 174.444335  0.000319  387.593926
Stage_5 173.743959  0.000319  385.441861
Stage_5 173.046380  0.000318  383.298862
Stage_5 172.351585  0.000318  381.164910
Stage_5 171.659563  0.000318  379.039986
Stage_5 170.970304  0.000317  376.924070
Stage_5 170.283797  0.000317  374.817143
Stage_5 169.600030  0.000316  372.719185
Stage_5 168.918993  0.000316  370.630178
Stage_5 168.240675  0.000315  368.550102
Stage_5 167.565064  0.000315  366.478937
Stage_5 166.892151  0.000314  364.416664
Stage_5 166.221923  0.000314  362.363264
Stage_5 165.554372  0.000314  360.318717
Stage_5 164.889485  0.000313  358.283004
Stage_5 164.227252  0.000313  356.256105
Stage_5 163.567663  0.000312  354.238001
Stage_5 162.910707  0.000312  352.228673
Stage_5 162.256374  0.000311  350.228100
Stage_5 161.604653  0.000311  348.236264
Stage_5 160.955533  0.000311  346.253145
Stage_5 160.309005  0.000310  344.278723
Stage_5 159.665058  0.000310  342.312979
Stage_5 159.023681  0.000309  340.355894
Stage_5 158.384865  0.000309  338.407447
Stage_5 157.748599  0.000309  336.467619
Stage_5 157.114873  0.000308  334.536390
Stage_5 156.483677  0.000308  332.613741
Stage_5 155.855000  0.000307  330.699652
Stage_5 155.228833  0.000307  328.794103
Stage_5 154.605166  0.000307  326.897075
Stage_5 153.983989  0.000306  325.008547
Stage_5 153.365291  0.000306  323.128500
Stage_5 152.749063  0.000305  321.256915
Stage_5 152.135295  0.000305  319.393770
Stage_5 151.523977  0.000305  317.539046
Stage_5 150.915100  0.000304  315.692724
Stage_5 150.308653  0.000304  313.854782
Stage_5 149.704628  0.000303  312.025202
Stage_5 149.103013  0.000303  310.203963
Stage_5 148.503800  0.000303  308.391046
Stage_5 147.906980  0.000302  306.586429
Stage_5 147.312541  0.000302  304.790092
Stage_5 146.720476  0.000301  303.002016
Stage_5 146.130774  0.000301  301.222181
Stage_5 145.543427  0.000301  299.450565
Stage_5 144.958424  0.000300  297.687149
Stage_5 144.375756  0.000300  295.931912
Stage_5 143.795415  0.000300  294.184834
Stage_5 143.217390  0.000299  292.445895
Stage_5 142.641672  0.000299  290.715073
Stage_5 142.068253  0.000299  288.992348
Stage_5 141.497123  0.000298  287.277701
Stage_5 140.928273  0.000298  285.571109
Stage_5 140.361694  0.000297  283.872553
Stage_5 139.797377  0.000297  282.182012
Stage_5 139.235312  0.000297  280.499465
Stage_5 138.675491  0.000296  278.824891
Stage_5 138.117905  0.000296  277.158270
Stage_5 137.562545  0.000296  275.499580
Stage_5 137.009402  0.000295  273.848800
Stage_5 136.458467  0.000295  272.205910
Stage_5 135.909731  0.000295  270.570889
Stage_5 135.363186  0.000294  268.943715
Stage_5 134.818823  0.000294  267.324368
Stage_5 134.276633  0.000294  265.712826
Stage_5 133.736607  0.000293  264.109068
Stage_5 133.198737  0.000293  262.513073
Stage_5 132.663014  0.000293  260.924820
Stage_5 132.129430  0.000292  259.344287
Stage_5 131.597976  0.000292  257.771453
Stage_5 131.068643  0.000292  256.206296
Stage_5 130.541424  0.000291  254.648795
Stage_5 130.016309  0.000291  253.098929
Stage_5 129.493291  0.000291  251.556675
Stage_5 128.972360  0.000290  250.022013
Stage_5 128.453509  0.000290  248.494921
Stage_5 127.936729  0.000290  246.975377
Stage_5 127.422012  0.000289  245.463359
Stage_5 126.909350  0.000289  243.958845
Stage_5 126.398735  0.000289  242.461815
Stage_5 125.890158  0.000288  240.972245
Stage_5 125.383611  0.000288  239.490114
Stage_5 124.879086  0.000288  238.015400
Stage_5 124.376576  0.000287  236.548081
Stage_5 123.876071  0.000287  235.088136
Stage_5 123.377564  0.000287  233.635541
Stage_5 122.881048  0.000286  232.190275
Stage_5 122.386513  0.000286  230.752316
Stage_5 121.893953  0.000286  229.321641
Stage_5 121.403359  0.000285  227.898229
Stage_5 120.914724  0.000285  226.482056
Stage_5 120.428039  0.000285  225.073102
Stage_5 119.943297  0.000285  223.671343
Stage_5 119.460490  0.000284  222.276756
Stage_5 118.979610  0.000284  220.889321
Stage_5 118.500650  0.000284  219.509013
Stage_5 118.023602  0.000283  218.135811
Stage_5 117.548459  0.000283  216.769693
Stage_5 117.075212  0.000283  215.410634
Stage_5 116.603855  0.000282  214.058614
Stage_5 116.134379  0.000282  212.713609
Stage_5 115.666777  0.000282  211.375596
Stage_5 115.201042  0.000282  210.044554
Stage_5 114.737166  0.000281  208.720458
Stage_5 114.275142  0.000281  207.403287
Stage_5 113.814963  0.000281  206.093018
Stage_5 113.356620  0.000280  204.789627
Stage_5 112.900107  0.000280  203.493092
Stage_5 112.445417  0.000280  202.203391
Stage_5 111.992542  0.000280  200.920499
Stage_5 111.541474  0.000279  199.644394
Stage_5 111.092207  0.000279  198.375054
Stage_5 110.644734  0.000279  197.112455
Stage_5 110.199047  0.000278  195.856573
Stage_5 109.755139  0.000278  194.607387
Stage_5 109.313004  0.000278  193.364873
Stage_5 108.872633  0.000278  192.129007
Stage_5 108.434020  0.000277  190.899767
Stage_5 107.997158  0.000277  189.677130
Stage_5 107.562041  0.000277  188.461072
Stage_5 107.128660  0.000276  187.251570
Stage_5 106.697009  0.000276  186.048601
Stage_5 106.267081  0.000276  184.852142
Stage_5 105.838870  0.000276  183.662169
Stage_5 105.412368  0.000275  182.478659
Stage_5 104.987569  0.000275  181.301589
Stage_5 104.564465  0.000275  180.130935
Stage_5 104.143051  0.000275  178.966674
Stage_5 103.723319  0.000274  177.808783
Stage_5 103.305262  0.000274  176.657239
Stage_5 102.888874  0.000274  175.512017
Stage_5 102.474149  0.000273  174.373096
Stage_5 102.061079  0.000273  173.240450
Stage_5 101.649658  0.000273  172.114057
Stage_5 101.239880  0.000273  170.993893
Stage_5 100.831737  0.000272  169.879935
Stage_5 100.425224  0.000272  168.772160
Stage_5 100.020333  0.000272  167.670543
Stage_5 99.617059  0.000272  166.575062
Stage_5 99.215394  0.000271  165.485693
Stage_5 98.815333  0.000271  164.402413
Stage_5 98.416870  0.000271  163.325197
Stage_5 98.019996  0.000271  162.254023
Stage_5 97.624707  0.000270  161.188866
Stage_5 97.230997  0.000270  160.129705
Stage_5 96.838857  0.000270  159.076514
Stage_5 96.448284  0.000270  158.029270
Stage_5 96.059269  0.000269  156.987951
Stage_5 95.671807  0.000269  155.952531
Stage_5 95.285893  0.000269  154.922989
Stage_5 94.901518  0.000269  153.899300
Stage_5 94.518678  0.000268  152.881441
Stage_5 94.137367  0.000268  151.869388
Stage_5 93.757577  0.000268  150.863118
Stage_5 93.379304  0.000268  149.862607
Stage_5 93.002541  0.000267  148.867832
Stage_5 92.627282  0.000267  147.878770
Stage_5 92.253521  0.000267  146.895396
Stage_5 91.881252  0.000267  145.917687
Stage_5 91.510469  0.000266  144.945621
Stage_5 91.141166  0.000266  143.979173
Stage_5 90.773337  0.000266  143.018320
Stage_5 90.406977  0.000266  142.063038
Stage_5 90.042080  0.000265  141.113304
Stage_5 89.678639  0.000265  140.169096
Stage_5 89.316649  0.000265  139.230388
Stage_5 88.956104  0.000265  138.297159
Stage_5 88.596998  0.000264  137.369383
Stage_5 88.239326  0.000264  136.447040
Stage_5 87.883081  0.000264  135.530103
Stage_5 87.528259  0.000264  134.618552
Stage_5 87.174853  0.000264  133.712362
Stage_5 86.822858  0.000263  132.811509
Stage_5 86.472269  0.000263  131.915971
Stage_5 86.123078  0.000263  131.025725
Stage_5 85.775282  0.000263  130.140747
Stage_5 85.428874  0.000262  129.261013
Stage_5 85.083849  0.000262  128.386502
Stage_5 84.740202  0.000262  127.517189
Stage_5 84.397926  0.000262  126.653052
Stage_5 84.057016  0.000261  125.794067
Stage_5 83.717468  0.000261  124.940211
Stage_5 83.379275  0.000261  124.091462
Stage_5 83.042432  0.000261  123.247796
Stage_5 82.706934  0.000261  122.409190
Stage_5 82.372775  0.000260  121.575621
Stage_5 82.039950  0.000260  120.747067
Stage_5 81.708453  0.000260  119.923504
Stage_5 81.378280  0.000260  119.104909
Stage_5 81.049425  0.000259  118.291260
Stage_5 80.721883  0.000259  117.482534
Stage_5 80.395648  0.000259  116.678708
Stage_5 80.070716  0.000259  115.879760
Stage_5 79.747081  0.000259  115.085666
Stage_5 79.424738  0.000258  114.296403
Stage_5 79.103681  0.000258  113.511950
Stage_5 78.783907  0.000258  112.732284
Stage_5 78.465408  0.000258  111.957381
Stage_5 78.148182  0.000257  111.187220
Stage_5 77.832221  0.000257  110.421778
Stage_5 77.517522  0.000257  109.661033
Stage_5 77.204079  0.000257  108.904961
Stage_5 76.891888  0.000257  108.153542
Stage_5 76.580943  0.000256  107.406751
Stage_5 76.271239  0.000256  106.664568
Stage_5 75.962771  0.000256  105.926969
Stage_5 75.655535  0.000256  105.193933
Stage_5 75.349525  0.000256  104.465438
Stage_5 75.044737  0.000255  103.741461
Stage_5 74.741166  0.000255  103.021979
Stage_5 74.438806  0.000255  102.306972
Stage_5 74.137654  0.000255  101.596418
Stage_5 73.837703  0.000255  100.890293
Stage_5 73.538950  0.000254  100.188577
Stage_5 73.241390  0.000254  99.491247
Stage_5 72.945018  0.000254  98.798281
Stage_5 72.649828  0.000254  98.109659
Stage_5 72.355817  0.000254  97.425357
Stage_5 72.062980  0.000253  96.745355
Stage_5 71.771312  0.000253  96.069631
Stage_5 71.480808  0.000253  95.398163
Stage_5 71.191464  0.000253  94.730930
Stage_5 70.903275  0.000253  94.067910
Stage_5 70.616236  0.000252  93.409082
Stage_5 70.330344  0.000252  92.754424
Stage_5 70.045592  0.000252  92.103916
Stage_5 69.761977  0.000252  91.457536
Stage_5 69.479495  0.000252  90.815262
Stage_5 69.198140  0.000251  90.177074
Stage_5 68.917908  0.000251  89.542951
Stage_5 68.638795  0.000251  88.912871
Stage_5 68.360796  0.000251  88.286813
Stage_5 68.083907  0.000251  87.664757
Stage_5 67.808124  0.000250  87.046682
Stage_5 67.533441  0.000250  86.432567
Stage_5 67.259855  0.000250  85.822391
Stage_5 66.987360  0.000250  85.216133
Stage_5 66.715954  0.000250  84.613773
Stage_5 66.445631  0.000249  84.015290
Stage_5 66.176388  0.000249  83.420664
Stage_5 65.908219  0.000249  82.829874
Stage_5 65.641121  0.000249  82.242900
Stage_5 65.375088  0.000249  81.659721
Stage_5 65.110118  0.000248  81.080318
Stage_5 64.846206  0.000248  80.504669
Stage_5 64.583347  0.000248  79.932756
Stage_5 64.321538  0.000248  79.364557
Stage_5 64.060774  0.000248  78.800053
Stage_5 63.801050  0.000248  78.239223
Stage_5 63.542364  0.000247  77.682048
Stage_5 63.284710  0.000247  77.128508
Stage_5 63.028085  0.000247  76.578583
Stage_5 62.772484  0.000247  76.032254
Stage_5 62.517904  0.000247  75.489500
Stage_5 62.264339  0.000246  74.950303
Stage_5 62.011788  0.000246  74.414642
Stage_5 61.760244  0.000246  73.882498
Stage_5 61.509704  0.000246  73.353852
Stage_5 61.260165  0.000246  72.828684
Stage_5 61.011622  0.000246  72.306976
Stage_5 60.764071  0.000245  71.788707
Stage_5 60.517508  0.000245  71.273859
Stage_5 60.271929  0.000245  70.762413
Stage_5 60.027331  0.000245  70.254350
Stage_5 59.783709  0.000245  69.749650
Stage_5 59.541060  0.000244  69.248295
Stage_5 59.299379  0.000244  68.750266
Stage_5 59.058664  0.000244  68.255544
Stage_5 58.818909  0.000244  67.764111
Stage_5 58.580111  0.000244  67.275948
Stage_5 58.342267  0.000244  66.791036
Stage_5 58.105372  0.000243  66.309358
Stage_5 57.869422  0.000243  65.830894
Stage_5 57.634415  0.000243  65.355626
Stage_5 57.400346  0.000243  64.883536
Stage_5 57.167211  0.000243  64.414606
Stage_5 56.935007  0.000243  63.948817
Stage_5 56.703730  0.000242  63.486153
Stage_5 56.473376  0.000242  63.026593
Stage_5 56.243942  0.000242  62.570122
Stage_5 56.015423  0.000242  62.116720
Stage_5 55.787817  0.000242  61.666370
Stage_5 55.561119  0.000242  61.219054
Stage_5 55.335327  0.000241  60.774755
Stage_5 55.110436  0.000241  60.333455
Stage_5 54.886442  0.000241  59.895137
Stage_5 54.663343  0.000241  59.459783
Stage_5 54.441134  0.000241  59.027375
Stage_5 54.219813  0.000241  58.597897
Stage_5 53.999375  0.000240  58.171332
Stage_5 53.779816  0.000240  57.747661
Stage_5 53.561135  0.000240  57.326868
Stage_5 53.343326  0.000240  56.908936
Stage_5 53.126387  0.000240  56.493849
Stage_5 52.910314  0.000240  56.081588
Stage_5 52.695103  0.000239  55.672138
Stage_5 52.480752  0.000239  55.265481
Stage_5 52.267256  0.000239  54.861601
Stage_5 52.054613  0.000239  54.460482
Stage_5 51.842818  0.000239  54.062106
Stage_5 51.631869  0.000239  53.666458
Stage_5 51.421762  0.000238  53.273521
Stage_5 51.212494  0.000238  52.883278
Stage_5 51.004061  0.000238  52.495714
Stage_5 50.796460  0.000238  52.110813
Stage_5 50.589688  0.000238  51.728557
Stage_5 50.383742  0.000238  51.348932
Stage_5 50.178617  0.000237  50.971920
Stage_5 49.974312  0.000237  50.597508
Stage_5 49.770822  0.000237  50.225677
Stage_5 49.568144  0.000237  49.856414
Stage_5 49.366275  0.000237  49.489701
Stage_5 49.165213  0.000237  49.125524
Stage_5 48.964953  0.000236  48.763868
Stage_5 48.765492  0.000236  48.404715
Stage_5 48.566828  0.000236  48.048052
Stage_5 48.368956  0.000236  47.693863
Stage_5 48.171875  0.000236  47.342132
Stage_5 47.975580  0.000236  46.992844
Stage_5 47.780069  0.000236  46.645985
Stage_5 47.585339  0.000235  46.301539
Stage_5 47.391386  0.000235  45.959492
Stage_5 47.198207  0.000235  45.619828
Stage_5 47.005799  0.000235  45.282532
Stage_5 46.814159  0.000235  44.947591
Stage_5 46.623285  0.000235  44.614988
Stage_5 46.433172  0.000234  44.284711
Stage_5 46.243818  0.000234  43.956743
Stage_5 46.055220  0.000234  43.631070
Stage_5 45.867375  0.000234  43.307679
Stage_5 45.680280  0.000234  42.986555
Stage_5 45.493932  0.000234  42.667683
Stage_5 45.308328  0.000234  42.351050
Stage_5 45.123465  0.000233  42.036641
Stage_5 44.939339  0.000233  41.724442
Stage_5 44.755949  0.000233  41.414440
Stage_5 44.573291  0.000233  41.106619
Stage_5 44.391362  0.000233  40.800967
Stage_5 44.210159  0.000233  40.497470
Stage_5 44.029679  0.000232  40.196114
Stage_5 43.849920  0.000232  39.896886
Stage_5 43.670879  0.000232  39.599771
Stage_5 43.492552  0.000232  39.304756
Stage_5 43.314938  0.000232  39.011828
Stage_5 43.138032  0.000232  38.720974
Stage_5 42.961832  0.000232  38.432180
Stage_5 42.786336  0.000231  38.145433
Stage_5 42.611541  0.000231  37.860720
Stage_5 42.437443  0.000231  37.578027
Stage_5 42.264040  0.000231  37.297342
Stage_5 42.091330  0.000231  37.018652
Stage_5 41.919309  0.000231  36.741944
Stage_5 41.747974  0.000231  36.467205
Stage_5 41.577324  0.000230  36.194422
Stage_5 41.407355  0.000230  35.923583
Stage_5 41.238064  0.000230  35.654675
Stage_5 41.069450  0.000230  35.387685
Stage_5 40.901508  0.000230  35.122602
Stage_5 40.734237  0.000230  34.859412
Stage_5 40.567633  0.000230  34.598103
Stage_5 40.401695  0.000229  34.338663
Stage_5 40.236419  0.000229  34.081079
Stage_5 40.071802  0.000229  33.825340
Stage_5 39.907843  0.000229  33.571434
Stage_5 39.744539  0.000229  33.319348
Stage_5 39.581886  0.000229  33.069071
Stage_5 39.419883  0.000229  32.820590
Stage_5 39.258526  0.000228  32.573893
Stage_5 39.097814  0.000228  32.328970
Stage_5 38.937743  0.000228  32.085808
Stage_5 38.778311  0.000228  31.844396
Stage_5 38.619516  0.000228  31.604721
Stage_5 38.461354  0.000228  31.366774
Stage_5 38.303824  0.000228  31.130541
Stage_5 38.146923  0.000228  30.896012
Stage_5 37.990648  0.000227  30.663175
Stage_5 37.834997  0.000227  30.432020
Stage_5 37.679967  0.000227  30.202535
Stage_5 37.525556  0.000227  29.974708
Stage_5 37.371762  0.000227  29.748529
Stage_5 37.218581  0.000227  29.523987
Stage_5 37.066012  0.000227  29.301070
Stage_5 36.914052  0.000226  29.079769
Stage_5 36.762699  0.000226  28.860071
Stage_5 36.611950  0.000226  28.641967
Stage_5 36.461802  0.000226  28.425446
Stage_5 36.312255  0.000226  28.210496
Stage_5 36.163304  0.000226  27.997108
Stage_5 36.014947  0.000226  27.785271
Stage_5 35.867183  0.000225  27.574975
Stage_5 35.720009  0.000225  27.366208
Stage_5 35.573422  0.000225  27.158961
Stage_5 35.427421  0.000225  26.953223
Stage_5 35.282002  0.000225  26.748985
Stage_5 35.137164  0.000225  26.546236
Stage_5 34.992904  0.000225  26.344966
Stage_5 34.849220  0.000225  26.145164
Stage_5 34.706110  0.000224  25.946822
Stage_5 34.563570  0.000224  25.749929
Stage_5 34.421600  0.000224  25.554474
Stage_5 34.280197  0.000224  25.360450
Stage_5 34.139358  0.000224  25.167844
Stage_5 33.999081  0.000224  24.976649
Stage_5 33.859365  0.000224  24.786854
Stage_5 33.720206  0.000224  24.598450
Stage_5 33.581602  0.000223  24.411426
Stage_5 33.443552  0.000223  24.225775
Stage_5 33.306053  0.000223  24.041486
Stage_5 33.169103  0.000223  23.858550
Stage_5 33.032700  0.000223  23.676957
Stage_5 32.896841  0.000223  23.496699
Stage_5 32.761524  0.000223  23.317766
Stage_5 32.626748  0.000223  23.140149
Stage_5 32.492509  0.000222  22.963840
Stage_5 32.358807  0.000222  22.788828
Stage_5 32.225638  0.000222  22.615105
Stage_5 32.093001  0.000222  22.442663
Stage_5 31.960893  0.000222  22.271492
Stage_5 31.829313  0.000222  22.101583
Stage_5 31.698258  0.000222  21.932928
Stage_5 31.567726  0.000222  21.765518
Stage_5 31.437716  0.000221  21.599344
Stage_5 31.308224  0.000221  21.434399
Stage_5 31.179249  0.000221  21.270672
Stage_5 31.050789  0.000221  21.108157
Stage_5 30.922842  0.000221  20.946843
Stage_5 30.795406  0.000221  20.786724
Stage_5 30.668478  0.000221  20.627790
Stage_5 30.542057  0.000221  20.470034
Stage_5 30.416141  0.000220  20.313447
Stage_5 30.290728  0.000220  20.158020
Stage_5 30.165815  0.000220  20.003747
Stage_5 30.041400  0.000220  19.850618
Stage_5 29.917483  0.000220  19.698627
Stage_5 29.794060  0.000220  19.547764
Stage_5 29.671130  0.000220  19.398021
Stage_5 29.548690  0.000220  19.249392
Stage_5 29.426740  0.000219  19.101868
Stage_5 29.305276  0.000219  18.955441
Stage_5 29.184297  0.000219  18.810104
Stage_5 29.063801  0.000219  18.665849
Stage_5 28.943786  0.000219  18.522669
Stage_5 28.824250  0.000219  18.380555
Stage_5 28.705191  0.000219  18.239500
Stage_5 28.586608  0.000219  18.099497
Stage_5 28.468498  0.000218  17.960539
Stage_5 28.350859  0.000218  17.822617
Stage_5 28.233690  0.000218  17.685725
Stage_5 28.116989  0.000218  17.549855
Stage_5 28.000754  0.000218  17.415000
Stage_5 27.884982  0.000218  17.281154
Stage_5 27.769673  0.000218  17.148307
Stage_5 27.654824  0.000218  17.016455
Stage_5 27.540434  0.000218  16.885589
Stage_5 27.426500  0.000217  16.755702
Stage_5 27.313021  0.000217  16.626788
Stage_5 27.199995  0.000217  16.498839
Stage_5 27.087421  0.000217  16.371849
Stage_5 26.975295  0.000217  16.245812
Stage_5 26.863618  0.000217  16.120719
Stage_5 26.752386  0.000217  15.996564
Stage_5 26.641598  0.000217  15.873341
Stage_5 26.531252  0.000217  15.751043
Stage_5 26.421347  0.000216  15.629663
Stage_5 26.311881  0.000216  15.509195
Stage_5 26.202852  0.000216  15.389632
Stage_5 26.094258  0.000216  15.270968
Stage_5 25.986097  0.000216  15.153197
Stage_5 25.878368  0.000216  15.036311
Stage_5 25.771070  0.000216  14.920304
Stage_5 25.664199  0.000216  14.805171
Stage_5 25.557755  0.000216  14.690905
Stage_5 25.451737  0.000215  14.577499
Stage_5 25.346141  0.000215  14.464947
Stage_5 25.240967  0.000215  14.353244
Stage_5 25.136213  0.000215  14.242384
Stage_5 25.031877  0.000215  14.132359
Stage_5 24.927957  0.000215  14.023164
Stage_5 24.824452  0.000215  13.914794
Stage_5 24.721361  0.000215  13.807241
Stage_5 24.618681  0.000215  13.700501
Stage_5 24.516411  0.000214  13.594567
Stage_5 24.414549  0.000214  13.489433
Stage_5 24.313094  0.000214  13.385094
Stage_5 24.212044  0.000214  13.281544
Stage_5 24.111397  0.000214  13.178778
Stage_5 24.011152  0.000214  13.076788
Stage_5 23.911307  0.000214  12.975571
Stage_5 23.811861  0.000214  12.875120
Stage_5 23.712812  0.000214  12.775429
Stage_5 23.614158  0.000213  12.676494
Stage_5 23.515898  0.000213  12.578308
Stage_5 23.418030  0.000213  12.480867
Stage_5 23.320553  0.000213  12.384164
Stage_5 23.223466  0.000213  12.288195
Stage_5 23.126765  0.000213  12.192953
Stage_5 23.030451  0.000213  12.098435
Stage_5 22.934521  0.000213  12.004633
Stage_5 22.838974  0.000213  11.911544
Stage_5 22.743809  0.000212  11.819162
Stage_5 22.649023  0.000212  11.727482
Stage_5 22.554616  0.000212  11.636499
Stage_5 22.460586  0.000212  11.546207
Stage_5 22.366931  0.000212  11.456602
Stage_5 22.273650  0.000212  11.367678
Stage_5 22.180741  0.000212  11.279430
Stage_5 22.088203  0.000212  11.191855
Stage_5 21.996035  0.000212  11.104945
Stage_5 21.904235  0.000212  11.018698
Stage_5 21.812801  0.000211  10.933107
Stage_5 21.721732  0.000211  10.848169
Stage_5 21.631026  0.000211  10.763877
Stage_5 21.540683  0.000211  10.680228
Stage_5 21.450700  0.000211  10.597217
Stage_5 21.361077  0.000211  10.514839
Stage_5 21.271811  0.000211  10.433089
Stage_5 21.182902  0.000211  10.351963
Stage_5 21.094348  0.000211  10.271456
Stage_5 21.006147  0.000210  10.191564
Stage_5 20.918298  0.000210  10.112282
Stage_5 20.830800  0.000210  10.033605
Stage_5 20.743651  0.000210  9.955529
Stage_5 20.656850  0.000210  9.878050
Stage_5 20.570396  0.000210  9.801163
Stage_5 20.484287  0.000210  9.724864
Stage_5 20.398521  0.000210  9.649149
Stage_5 20.313098  0.000210  9.574012
Stage_5 20.228016  0.000210  9.499451
Stage_5 20.143273  0.000209  9.425460
Stage_5 20.058869  0.000209  9.352035
Stage_5 19.974802  0.000209  9.279173
Stage_5 19.891070  0.000209  9.206869
Stage_5 19.807673  0.000209  9.135118
Stage_5 19.724609  0.000209  9.063917
Stage_5 19.641876  0.000209  8.993262
Stage_5 19.559473  0.000209  8.923149
Stage_5 19.477399  0.000209  8.853573
Stage_5 19.395653  0.000209  8.784530
Stage_5 19.314234  0.000208  8.716018
Stage_5 19.233139  0.000208  8.648031
Stage_5 19.152368  0.000208  8.580565
Stage_5 19.071920  0.000208  8.513618
Stage_5 18.991792  0.000208  8.447184
Stage_5 18.911985  0.000208  8.381261
Stage_5 18.832496  0.000208  8.315844
Stage_5 18.753325  0.000208  8.250930
Stage_5 18.674469  0.000208  8.186514
Stage_5 18.595928  0.000208  8.122594
Stage_5 18.517701  0.000207  8.059165
Stage_5 18.439786  0.000207  7.996224
Stage_5 18.362183  0.000207  7.933766
Stage_5 18.284889  0.000207  7.871790
Stage_5 18.207903  0.000207  7.810290
Stage_5 18.131225  0.000207  7.749263
Stage_5 18.054853  0.000207  7.688706
Stage_5 17.978786  0.000207  7.628616
Stage_5 17.903022  0.000207  7.568988
Stage_5 17.827561  0.000207  7.509819
Stage_5 17.752401  0.000207  7.451106
Stage_5 17.677542  0.000206  7.392846
Stage_5 17.602981  0.000206  7.335034
Stage_5 17.528717  0.000206  7.277669
Stage_5 17.454750  0.000206  7.220745
Stage_5 17.381079  0.000206  7.164261
Stage_5 17.307701  0.000206  7.108212
Stage_5 17.234617  0.000206  7.052595
Stage_5 17.161824  0.000206  6.997408
Stage_5 17.089322  0.000206  6.942647
Stage_5 17.017109  0.000206  6.888308
Stage_5 16.945185  0.000205  6.834389
Stage_5 16.873547  0.000205  6.780886
Stage_5 16.802196  0.000205  6.727796
Stage_5 16.731129  0.000205  6.675117
Stage_5 16.660346  0.000205  6.622844
Stage_5 16.589846  0.000205  6.570975
Stage_5 16.519627  0.000205  6.519508
Stage_5 16.449689  0.000205  6.468438
Stage_5 16.380029  0.000205  6.417763
Stage_5 16.310648  0.000205  6.367480
Stage_5 16.241544  0.000205  6.317586
Stage_5 16.172715  0.000204  6.268077
Stage_5 16.104162  0.000204  6.218952
Stage_5 16.035882  0.000204  6.170207
Stage_5 15.967874  0.000204  6.121840
Stage_5 15.900138  0.000204  6.073846
Stage_5 15.832673  0.000204  6.026225
Stage_5 15.765477  0.000204  5.978972
Stage_5 15.698549  0.000204  5.932086
Stage_5 15.631888  0.000204  5.885562
Stage_5 15.565493  0.000204  5.839399
Stage_5 15.499364  0.000204  5.793594
Stage_5 15.433498  0.000204  5.748145
Stage_5 15.367895  0.000204  5.703047
Stage_5 15.302554  0.000203  5.658299
Stage_5 15.237475  0.000203  5.613898
Stage_5 15.172654  0.000203  5.569842
Stage_5 15.108093  0.000203  5.526127
Stage_5 15.043789  0.000203  5.482752
Stage_5 14.979742  0.000203  5.439713
Stage_5 14.915951  0.000203  5.397008
Stage_5 14.852414  0.000203  5.354635
Stage_5 14.789131  0.000203  5.312591
Stage_5 14.726101  0.000203  5.270873
Stage_5 14.663322  0.000203  5.229479
Stage_5 14.600794  0.000203  5.188407
Stage_5 14.538516  0.000203  5.147654
Stage_5 14.476486  0.000203  5.107218
Stage_5 14.414703  0.000202  5.067095
Stage_5 14.353168  0.000202  5.027285
Stage_5 14.291878  0.000202  4.987784
Stage_5 14.230832  0.000202  4.948590
Stage_5 14.170031  0.000202  4.909701
Stage_5 14.109472  0.000202  4.871115
Stage_5 14.049155  0.000202  4.832828
Stage_5 13.989078  0.000202  4.794839
Stage_5 13.929242  0.000202  4.757146
Stage_5 13.869644  0.000202  4.719747
Stage_5 13.810284  0.000202  4.682638
Stage_5 13.751161  0.000202  4.645818
Stage_5 13.692275  0.000202  4.609285
Stage_5 13.633623  0.000202  4.573036
Stage_5 13.575205  0.000201  4.537069
Stage_5 13.517021  0.000201  4.501383
Stage_5 13.459069  0.000201  4.465974
Stage_5 13.401348  0.000201  4.430842
Stage_5 13.343858  0.000201  4.395983
Stage_5 13.286597  0.000201  4.361396
Stage_5 13.229565  0.000201  4.327078
Stage_5 13.172760  0.000201  4.293027
Stage_5 13.116182  0.000201  4.259243
Stage_5 13.059830  0.000201  4.225721
Stage_5 13.003703  0.000201  4.192461
Stage_5 12.947800  0.000201  4.159460
Stage_5 12.892121  0.000201  4.126717
Stage_5 12.836663  0.000201  4.094229
Stage_5 12.781427  0.000201  4.061994
Stage_5 12.726411  0.000200  4.030011
Stage_5 12.671615  0.000200  3.998278
Stage_5 12.617038  0.000200  3.966792
Stage_5 12.562679  0.000200  3.935552
Stage_5 12.508536  0.000200  3.904556
Stage_5 12.454610  0.000200  3.873802
Stage_5 12.400899  0.000200  3.843288
Stage_5 12.347403  0.000200  3.813012
Stage_5 12.294120  0.000200  3.782973
Stage_5 12.241049  0.000200  3.753168
Stage_5 12.188191  0.000200  3.723596
Stage_5 12.135544  0.000200  3.694255
Stage_5 12.083106  0.000200  3.665143
Stage_5 12.030879  0.000200  3.636259
Stage_5 11.978859  0.000200  3.607601
Stage_5 11.927047  0.000199  3.579167
Stage_5 11.875442  0.000199  3.550954
Stage_5 11.824044  0.000199  3.522963
Stage_5 11.772850  0.000199  3.495190
Stage_5 11.721860  0.000199  3.467635
Stage_5 11.671075  0.000199  3.440295
Stage_5 11.620492  0.000199  3.413169
Stage_5 11.570110  0.000199  3.386255
Stage_5 11.519930  0.000199  3.359551
Stage_5 11.469951  0.000199  3.333057
Stage_5 11.420171  0.000199  3.306770
Stage_5 11.370589  0.000199  3.280688
Stage_5 11.321206  0.000199  3.254811
Stage_5 11.272019  0.000199  3.229136
Stage_5 11.223029  0.000199  3.203662
Stage_5 11.174235  0.000199  3.178388
Stage_5 11.125635  0.000198  3.153312
Stage_5 11.077229  0.000198  3.128432
Stage_5 11.029017  0.000198  3.103746
Stage_5 10.980997  0.000198  3.079255
Stage_5 10.933169  0.000198  3.054955
Stage_5 10.885531  0.000198  3.030845
Stage_5 10.838084  0.000198  3.006924
Stage_5 10.790826  0.000198  2.983191
Stage_5 10.743757  0.000198  2.959644
Stage_5 10.696876  0.000198  2.936281
Stage_5 10.650182  0.000198  2.913101
Stage_5 10.603674  0.000198  2.890103
Stage_5 10.557352  0.000198  2.867285
Stage_5 10.511215  0.000198  2.844647
Stage_5 10.465263  0.000198  2.822185
Stage_5 10.419493  0.000198  2.799900
Stage_5 10.373906  0.000197  2.777790
Stage_5 10.328502  0.000197  2.755853
Stage_5 10.283278  0.000197  2.734088
Stage_5 10.238235  0.000197  2.712494
Stage_5 10.193372  0.000197  2.691069
Stage_5 10.148688  0.000197  2.669813
Stage_5 10.104182  0.000197  2.648723
Stage_5 10.059854  0.000197  2.627799
Stage_5 10.015703  0.000197  2.607038
Stage_5 9.971728  0.000197  2.586441
Stage_5 9.927929  0.000197  2.566006
Stage_5 9.884305  0.000197  2.545731
Stage_5 9.840854  0.000197  2.525615
Stage_5 9.797578  0.000197  2.505657
Stage_5 9.754474  0.000197  2.485856
Stage_5 9.711542  0.000197  2.466210
Stage_5 9.668781  0.000196  2.446719
Stage_5 9.626191  0.000196  2.427381
Stage_5 9.583771  0.000196  2.408194
Stage_5 9.541521  0.000196  2.389159
Stage_5 9.499439  0.000196  2.370273
Stage_5 9.457525  0.000196  2.351535
Stage_5 9.415778  0.000196  2.332944
Stage_5 9.374199  0.000196  2.314500
Stage_5 9.332785  0.000196  2.296201
Stage_5 9.291536  0.000196  2.278045
Stage_5 9.250452  0.000196  2.260032
Stage_5 9.209532  0.000196  2.242161
Stage_5 9.168776  0.000196  2.224430
Stage_5 9.128182  0.000196  2.206839
Stage_5 9.087750  0.000196  2.189386
Stage_5 9.047480  0.000196  2.172070
Stage_5 9.007370  0.000196  2.154891
Stage_5 8.967420  0.000195  2.137846
Stage_5 8.927630  0.000195  2.120936
Stage_5 8.887999  0.000195  2.104159
Stage_5 8.848526  0.000195  2.087513
Stage_5 8.809211  0.000195  2.070999
Stage_5 8.770052  0.000195  2.054614
Stage_5 8.731050  0.000195  2.038359
Stage_5 8.692204  0.000195  2.022231
Stage_5 8.653512  0.000195  2.006230
Stage_5 8.614975  0.000195  1.990355
Stage_5 8.576592  0.000195  1.974606
Stage_5 8.538362  0.000195  1.958980
Stage_5 8.500285  0.000195  1.943477
Stage_5 8.462360  0.000195  1.928096
Stage_5 8.424586  0.000195  1.912836
Stage_5 8.386963  0.000195  1.897697
Stage_5 8.349490  0.000195  1.882676
Stage_5 8.312167  0.000194  1.867774
Stage_5 8.274993  0.000194  1.852990
Stage_5 8.237967  0.000194  1.838321
Stage_5 8.201089  0.000194  1.823769
Stage_5 8.164358  0.000194  1.809331
Stage_5 8.127774  0.000194  1.795006
Stage_5 8.091335  0.000194  1.780795
Stage_5 8.055043  0.000194  1.766695
Stage_5 8.018895  0.000194  1.752707
Stage_5 7.982891  0.000194  1.738829
Stage_5 7.947032  0.000194  1.725060
Stage_5 7.911315  0.000194  1.711399
Stage_5 7.875741  0.000194  1.697847
Stage_5 7.840309  0.000194  1.684401
Stage_5 7.805018  0.000194  1.671061
Stage_5 7.769869  0.000194  1.657826
Stage_5 7.734859  0.000194  1.644696
Stage_5 7.699989  0.000194  1.631669
Stage_5 7.665259  0.000193  1.618745
Stage_5 7.630667  0.000193  1.605923
Stage_5 7.596213  0.000193  1.593202
Stage_5 7.561897  0.000193  1.580581
Stage_5 7.527718  0.000193  1.568060
Stage_5 7.493675  0.000193  1.555637
Stage_5 7.459769  0.000193  1.543313
Stage_5 7.425997  0.000193  1.531085
Stage_5 7.392360  0.000193  1.518954
Stage_5 7.358858  0.000193  1.506919
Stage_5 7.325489  0.000193  1.494979
Stage_5 7.292254  0.000193  1.483133
Stage_5 7.259151  0.000193  1.471381
Stage_5 7.226181  0.000193  1.459721
Stage_5 7.193342  0.000193  1.448153
Stage_5 7.160634  0.000193  1.436677
Stage_5 7.128056  0.000193  1.425291
Stage_5 7.095609  0.000193  1.413995
Stage_5 7.063291  0.000193  1.402788
Stage_5 7.031102  0.000192  1.391669
Stage_5 6.999042  0.000192  1.380639
Stage_5 6.967110  0.000192  1.369695
Stage_5 6.935305  0.000192  1.358838
Stage_5 6.903627  0.000192  1.348066
Stage_5 6.872076  0.000192  1.337380
Stage_5 6.840651  0.000192  1.326778
Stage_5 6.809351  0.000192  1.316260
Stage_5 6.778176  0.000192  1.305825
Stage_5 6.747125  0.000192  1.295472
Stage_5 6.716198  0.000192  1.285201
Stage_5 6.685395  0.000192  1.275011
Stage_5 6.654715  0.000192  1.264901
Stage_5 6.624157  0.000192  1.254872
Stage_5 6.593722  0.000192  1.244921
Stage_5 6.563407  0.000192  1.235050
Stage_5 6.533214  0.000192  1.225256
Stage_5 6.503142  0.000192  1.215539
Stage_5 6.473189  0.000192  1.205900
Stage_5 6.443356  0.000191  1.196336
Stage_5 6.413642  0.000191  1.186848
Stage_5 6.384047  0.000191  1.177436
Stage_5 6.354569  0.000191  1.168097
Stage_5 6.325210  0.000191  1.158832
Stage_5 6.295968  0.000191  1.149641
Stage_5 6.266842  0.000191  1.140522
Stage_5 6.237833  0.000191  1.131475
Stage_5 6.208939  0.000191  1.122500
Stage_5 6.180161  0.000191  1.113596
Stage_5 6.151498  0.000191  1.104762
Stage_5 6.122949  0.000191  1.095998
Stage_5 6.094514  0.000191  1.087303
Stage_5 6.066193  0.000191  1.078677
Stage_5 6.037984  0.000191  1.070119
Stage_5 6.009889  0.000191  1.061629
Stage_5 5.981905  0.000191  1.053206
Stage_5 5.954033  0.000191  1.044850
Stage_5 5.926273  0.000191  1.036559
Stage_5 5.898623  0.000190  1.028335
Stage_5 5.871084  0.000190  1.020175
Stage_5 5.843654  0.000190  1.012080
Stage_5 5.816334  0.000190  1.004049
Stage_5 5.789123  0.000190  0.996081
Stage_5 5.762021  0.000190  0.988177
Stage_5 5.735027  0.000190  0.980335
Stage_5 5.708141  0.000190  0.972555
Stage_5 5.681362  0.000190  0.964836
Stage_5 5.654690  0.000190  0.957179
Stage_5 5.628124  0.000190  0.949582
Stage_5 5.601664  0.000190  0.942045
Stage_5 5.575311  0.000190  0.934568
Stage_5 5.549062  0.000190  0.927151
Stage_5 5.522918  0.000190  0.919791
Stage_5 5.496878  0.000190  0.912490
Stage_5 5.470943  0.000190  0.905247
Stage_5 5.445111  0.000190  0.898061
Stage_5 5.419382  0.000190  0.890933
Stage_5 5.393756  0.000190  0.883860
Stage_5 5.368232  0.000190  0.876844
Stage_5 5.342810  0.000189  0.869883
Stage_5 5.317489  0.000189  0.862977
Stage_5 5.292269  0.000189  0.856125
Stage_5 5.267151  0.000189  0.849329
Stage_5 5.242132  0.000189  0.842585
Stage_5 5.217213  0.000189  0.835896
Stage_5 5.192394  0.000189  0.829259
Stage_5 5.167674  0.000189  0.822675
Stage_5 5.143053  0.000189  0.816142
Stage_5 5.118530  0.000189  0.809662
Stage_5 5.094104  0.000189  0.803233
Stage_5 5.069777  0.000189  0.796855
Stage_5 5.045546  0.000189  0.790527
Stage_5 5.021412  0.000189  0.784250
Stage_5 4.997375  0.000189  0.778022
Stage_5 4.973433  0.000189  0.771843
Stage_5 4.949587  0.000189  0.765714
Stage_5 4.925836  0.000189  0.759633
Stage_5 4.902180  0.000189  0.753600
Stage_5 4.878619  0.000189  0.747615
Stage_5 4.855151  0.000188  0.741677
Stage_5 4.831777  0.000188  0.735787
Stage_5 4.808497  0.000188  0.729943
Stage_5 4.785309  0.000188  0.724145
Stage_5 4.762214  0.000188  0.718394
Stage_5 4.739211  0.000188  0.712688
Stage_5 4.716300  0.000188  0.707027
Stage_5 4.693481  0.000188  0.701411
Stage_5 4.670752  0.000188  0.695839
Stage_5 4.648115  0.000188  0.690312
Stage_5 4.625567  0.000188  0.684828
Stage_5 4.603110  0.000188  0.679388
Stage_5 4.580742  0.000188  0.673991
Stage_5 4.558464  0.000188  0.668637
Stage_5 4.536275  0.000188  0.663325
Stage_5 4.514174  0.000188  0.658055
Stage_5 4.492161  0.000188  0.652827
Stage_5 4.470236  0.000188  0.647641
Stage_5 4.448399  0.000188  0.642496
Stage_5 4.426649  0.000188  0.637391
Stage_5 4.404986  0.000188  0.632327
Stage_5 4.383409  0.000188  0.627303
Stage_5 4.361918  0.000187  0.622319
Stage_5 4.340514  0.000187  0.617374
Stage_5 4.319194  0.000187  0.612469
Stage_5 4.297960  0.000187  0.607602
Stage_5 4.276810  0.000187  0.602774
Stage_5 4.255745  0.000187  0.597984
Stage_5 4.234764  0.000187  0.593233
Stage_5 4.213867  0.000187  0.588519
Stage_5 4.193053  0.000187  0.583842
Stage_5 4.172322  0.000187  0.579203
Stage_5 4.151675  0.000187  0.574600
Stage_5 4.131109  0.000187  0.570034
Stage_5 4.110626  0.000187  0.565503
Stage_5 4.090224  0.000187  0.561009
Stage_5 4.069904  0.000187  0.556551
Stage_5 4.049665  0.000187  0.552128
Stage_5 4.029506  0.000187  0.547740
Stage_5 4.009428  0.000187  0.543386
Stage_5 3.989431  0.000187  0.539068
Stage_5 3.969513  0.000187  0.534783
Stage_5 3.949674  0.000187  0.530533
Stage_5 3.929915  0.000187  0.526316
Stage_5 3.910235  0.000187  0.522133
Stage_5 3.890633  0.000186  0.517983
Stage_5 3.871110  0.000186  0.513866
Stage_5 3.851664  0.000186  0.509781
Stage_5 3.832296  0.000186  0.505729
Stage_5 3.813006  0.000186  0.501709
Stage_5 3.793792  0.000186  0.497721
Stage_5 3.774655  0.000186  0.493764
Stage_5 3.755595  0.000186  0.489839
Stage_5 3.736611  0.000186  0.485945
Stage_5 3.717702  0.000186  0.482082
Stage_5 3.698869  0.000186  0.478250
Stage_5 3.680111  0.000186  0.474448
Stage_5 3.661428  0.000186  0.470676
Stage_5 3.642819  0.000186  0.466935
Stage_5 3.624285  0.000186  0.463222
Stage_5 3.605825  0.000186  0.459540
Stage_5 3.587439  0.000186  0.455886
Stage_5 3.569125  0.000186  0.452262
Stage_5 3.550885  0.000186  0.448666
Stage_5 3.532718  0.000186  0.445099
Stage_5 3.514624  0.000186  0.441560
Stage_5 3.496601  0.000186  0.438049
Stage_5 3.478651  0.000186  0.434567
Stage_5 3.460772  0.000185  0.431111
Stage_5 3.442964  0.000185  0.427683
Stage_5 3.425228  0.000185  0.424283
Stage_5 3.407562  0.000185  0.420909
Stage_5 3.389967  0.000185  0.417562
Stage_5 3.372443  0.000185  0.414242
Stage_5 3.354988  0.000185  0.410948
Stage_5 3.337603  0.000185  0.407681
Stage_5 3.320287  0.000185  0.404439
Stage_5 3.303040  0.000185  0.401223
Stage_5 3.285862  0.000185  0.398032
Stage_5 3.268753  0.000185  0.394867
Stage_5 3.251712  0.000185  0.391727
Stage_5 3.234739  0.000185  0.388612
Stage_5 3.217834  0.000185  0.385521
Stage_5 3.200997  0.000185  0.382455
Stage_5 3.184226  0.000185  0.379414
Stage_5 3.167523  0.000185  0.376396
Stage_5 3.150886  0.000185  0.373403
Stage_5 3.134316  0.000185  0.370433
Stage_5 3.117811  0.000185  0.367487
Stage_5 3.101373  0.000185  0.364565
Stage_5 3.085000  0.000185  0.361665
Stage_5 3.068693  0.000185  0.358789
Stage_5 3.052451  0.000184  0.355935
Stage_5 3.036273  0.000184  0.353104
Stage_5 3.020160  0.000184  0.350296
Stage_5 3.004112  0.000184  0.347510
Stage_5 2.988127  0.000184  0.344746
Stage_5 2.972207  0.000184  0.342004
Stage_5 2.956350  0.000184  0.339283
Stage_5 2.940556  0.000184  0.336585
Stage_5 2.924825  0.000184  0.333907
Stage_5 2.909157  0.000184  0.331252
Stage_5 2.893552  0.000184  0.328617
Stage_5 2.878009  0.000184  0.326003
Stage_5 2.862528  0.000184  0.323410
Stage_5 2.847108  0.000184  0.320837
Stage_5 2.831751  0.000184  0.318285
Stage_5 2.816454  0.000184  0.315753
Stage_5 2.801219  0.000184  0.313241
Stage_5 2.786045  0.000184  0.310749
Stage_5 2.770931  0.000184  0.308277
Stage_5 2.755877  0.000184  0.305825
Stage_5 2.740883  0.000184  0.303392
Stage_5 2.725950  0.000184  0.300979
Stage_5 2.711076  0.000184  0.298584
Stage_5 2.696261  0.000184  0.296209
Stage_5 2.681506  0.000184  0.293852
Stage_5 2.666809  0.000184  0.291515
Stage_5 2.652171  0.000183  0.289195
Stage_5 2.637592  0.000183  0.286895
Stage_5 2.623070  0.000183  0.284612
Stage_5 2.608607  0.000183  0.282348
Stage_5 2.594201  0.000183  0.280102
Stage_5 2.579853  0.000183  0.277873
Stage_5 2.565562  0.000183  0.275662
Stage_5 2.551329  0.000183  0.273469
Stage_5 2.537152  0.000183  0.271293
Stage_5 2.523031  0.000183  0.269135
Stage_5 2.508967  0.000183  0.266993
Stage_5 2.494960  0.000183  0.264869
Stage_5 2.481008  0.000183  0.262762
Stage_5 2.467111  0.000183  0.260671
Stage_5 2.453271  0.000183  0.258597
Stage_5 2.439485  0.000183  0.256539
Stage_5 2.425755  0.000183  0.254498
Stage_5 2.412079  0.000183  0.252473
Stage_5 2.398458  0.000183  0.250464
Stage_5 2.384891  0.000183  0.248471
Stage_5 2.371379  0.000183  0.246494
Stage_5 2.357920  0.000183  0.244533
Stage_5 2.344515  0.000183  0.242587
Stage_5 2.331164  0.000183  0.240657
Stage_5 2.317866  0.000183  0.238742
Stage_5 2.304621  0.000183  0.236842
Stage_5 2.291429  0.000182  0.234957
Stage_5 2.278290  0.000182  0.233087
Stage_5 2.265203  0.000182  0.231233
Stage_5 2.252168  0.000182  0.229393
Stage_5 2.239185  0.000182  0.227567
Stage_5 2.226254  0.000182  0.225756
Stage_5 2.213375  0.000182  0.223960
Stage_5 2.200547  0.000182  0.222177
Stage_5 2.187771  0.000182  0.220409
Stage_5 2.175045  0.000182  0.218655
Stage_5 2.162370  0.000182  0.216915
Stage_5 2.149746  0.000182  0.215189
Stage_5 2.137172  0.000182  0.213476
Stage_5 2.124649  0.000182  0.211777
Stage_5 2.112175  0.000182  0.210092
Stage_5 2.099751  0.000182  0.208420
Stage_5 2.087377  0.000182  0.206761
Stage_5 2.075052  0.000182  0.205116
Stage_5 2.062776  0.000182  0.203483
Stage_5 2.050550  0.000182  0.201864
Stage_5 2.038372  0.000182  0.200257
Stage_5 2.026243  0.000182  0.198663
Stage_5 2.014162  0.000182  0.197082
Stage_5 2.002129  0.000182  0.195514
Stage_5 1.990145  0.000182  0.193957
Stage_5 1.978208  0.000182  0.192414
Stage_5 1.966319  0.000182  0.190882
Stage_5 1.954477  0.000182  0.189363
Stage_5 1.942683  0.000181  0.187856
Stage_5 1.930936  0.000181  0.186361
Stage_5 1.919236  0.000181  0.184877
Stage_5 1.907582  0.000181  0.183406
Stage_5 1.895975  0.000181  0.181946
Stage_5 1.884414  0.000181  0.180498
Stage_5 1.872900  0.000181  0.179061
Stage_5 1.861431  0.000181  0.177636
Stage_5 1.850008  0.000181  0.176222
Stage_5 1.838631  0.000181  0.174819
Stage_5 1.827299  0.000181  0.173428
Stage_5 1.816012  0.000181  0.172047
Stage_5 1.804771  0.000181  0.170678
Stage_5 1.793574  0.000181  0.169319
Stage_5 1.782422  0.000181  0.167971
Stage_5 1.771315  0.000181  0.166634
Stage_5 1.760252  0.000181  0.165308
Stage_5 1.749233  0.000181  0.163992
Stage_5 1.738258  0.000181  0.162686
Stage_5 1.727326  0.000181  0.161391
Stage_5 1.716439  0.000181  0.160107
Stage_5 1.705595  0.000181  0.158832
Stage_5 1.694794  0.000181  0.157568
Stage_5 1.684036  0.000181  0.156313
Stage_5 1.673322  0.000181  0.155069
Stage_5 1.662650  0.000181  0.153835
Stage_5 1.652021  0.000181  0.152610
Stage_5 1.641434  0.000181  0.151395
Stage_5 1.630889  0.000181  0.150190
Stage_5 1.620386  0.000180  0.148994
Stage_5 1.609926  0.000180  0.147808
Stage_5 1.599507  0.000180  0.146631
Stage_5 1.589130  0.000180  0.145464
Stage_5 1.578794  0.000180  0.144306
Stage_5 1.568499  0.000180  0.143157
Stage_5 1.558246  0.000180  0.142018
Stage_5 1.548033  0.000180  0.140887
Stage_5 1.537862  0.000180  0.139765
Stage_5 1.527730  0.000180  0.138653
Stage_5 1.517640  0.000180  0.137549
Stage_5 1.507589  0.000180  0.136454
Stage_5 1.497579  0.000180  0.135367
Stage_5 1.487609  0.000180  0.134290
Stage_5 1.477678  0.000180  0.133220
Stage_5 1.467787  0.000180  0.132160
Stage_5 1.457936  0.000180  0.131108
Stage_5 1.448124  0.000180  0.130064
Stage_5 1.438351  0.000180  0.129028
Stage_5 1.428617  0.000180  0.128001
Stage_5 1.418922  0.000180  0.126982
Stage_5 1.409265  0.000180  0.125971
Stage_5 1.399647  0.000180  0.124968
Stage_5 1.390068  0.000180  0.123973
Stage_5 1.380527  0.000180  0.122986
Stage_5 1.371024  0.000180  0.122007
Stage_5 1.361559  0.000180  0.121035
Stage_5 1.352131  0.000180  0.120072
Stage_5 1.342741  0.000180  0.119115
Stage_5 1.333389  0.000180  0.118167
Stage_5 1.324074  0.000180  0.117226
Stage_5 1.314797  0.000180  0.116293
Stage_5 1.305556  0.000179  0.115367
Stage_5 1.296352  0.000179  0.114448
Stage_5 1.287185  0.000179  0.113537
Stage_5 1.278055  0.000179  0.112633
Stage_5 1.268961  0.000179  0.111736
Stage_5 1.259903  0.000179  0.110846
Stage_5 1.250881  0.000179  0.109964
Stage_5 1.241896  0.000179  0.109088
Stage_5 1.232946  0.000179  0.108220
Stage_5 1.224032  0.000179  0.107358
Stage_5 1.215154  0.000179  0.106503
Stage_5 1.206311  0.000179  0.105655
Stage_5 1.197503  0.000179  0.104814
Stage_5 1.188731  0.000179  0.103979
Stage_5 1.179993  0.000179  0.103151
Stage_5 1.171291  0.000179  0.102330
Stage_5 1.162623  0.000179  0.101515
Stage_5 1.153990  0.000179  0.100707
Stage_5 1.145391  0.000179  0.099905
Stage_5 1.136827  0.000179  0.099109
Stage_5 1.128296  0.000179  0.098320
Stage_5 1.119800  0.000179  0.097537
Stage_5 1.111338  0.000179  0.096760
Stage_5 1.102909  0.000179  0.095990
Stage_5 1.094515  0.000179  0.095225
Stage_5 1.086153  0.000179  0.094467
Stage_5 1.077825  0.000179  0.093715
Stage_5 1.069531  0.000179  0.092969
Stage_5 1.061269  0.000179  0.092228
Stage_5 1.053040  0.000179  0.091494
Stage_5 1.044845  0.000179  0.090765
Stage_5 1.036682  0.000179  0.090042
Stage_5 1.028551  0.000179  0.089325
Stage_5 1.020453  0.000178  0.088614
Stage_5 1.012387  0.000178  0.087908
Stage_5 1.004354  0.000178  0.087208
Stage_5 0.996353  0.000178  0.086514
Stage_5 0.988383  0.000178  0.085825
Stage_5 0.980445  0.000178  0.085141
Stage_5 0.972540  0.000178  0.084463
Stage_5 0.964665  0.000178  0.083791
Stage_5 0.956822  0.000178  0.083123
Stage_5 0.949011  0.000178  0.082461
Stage_5 0.941230  0.000178  0.081805
Stage_5 0.933481  0.000178  0.081153
Stage_5 0.925762  0.000178  0.080507
Stage_5 0.918074  0.000178  0.079866
Stage_5 0.910418  0.000178  0.079230
Stage_5 0.902791  0.000178  0.078599
Stage_5 0.895195  0.000178  0.077973
Stage_5 0.887630  0.000178  0.077352
Stage_5 0.880094  0.000178  0.076736
Stage_5 0.872589  0.000178  0.076125
Stage_5 0.865113  0.000178  0.075518
Stage_5 0.857668  0.000178  0.074917
Stage_5 0.850252  0.000178  0.074320
Stage_5 0.842866  0.000178  0.073728
Stage_5 0.835509  0.000178  0.073141
Stage_5 0.828182  0.000178  0.072559
Stage_5 0.820883  0.000178  0.071981
Stage_5 0.813614  0.000178  0.071407
Stage_5 0.806375  0.000178  0.070839
Stage_5 0.799163  0.000178  0.070275
Stage_5 0.791981  0.000178  0.069715
Stage_5 0.784828  0.000178  0.069160
Stage_5 0.777703  0.000178  0.068609
Stage_5 0.770606  0.000178  0.068062
Stage_5 0.763538  0.000178  0.067520
Stage_5 0.756498  0.000178  0.066982
Stage_5 0.749486  0.000178  0.066449
Stage_5 0.742502  0.000177  0.065920
Stage_5 0.735546  0.000177  0.065395
Stage_5 0.728617  0.000177  0.064874
Stage_5 0.721717  0.000177  0.064357
Stage_5 0.714843  0.000177  0.063845
Stage_5 0.707998  0.000177  0.063336
Stage_5 0.701179  0.000177  0.062832
Stage_5 0.694388  0.000177  0.062331
Stage_5 0.687624  0.000177  0.061835
Stage_5 0.680887  0.000177  0.061342
Stage_5 0.674177  0.000177  0.060854
Stage_5 0.667494  0.000177  0.060369
Stage_5 0.660837  0.000177  0.059888
Stage_5 0.654207  0.000177  0.059411
Stage_5 0.647604  0.000177  0.058938
Stage_5 0.641026  0.000177  0.058468
Stage_5 0.634475  0.000177  0.058003
Stage_5 0.627950  0.000177  0.057541
Stage_5 0.621452  0.000177  0.057082
Stage_5 0.614979  0.000177  0.056628
Stage_5 0.608532  0.000177  0.056177
Stage_5 0.602110  0.000177  0.055729
Stage_5 0.595715  0.000177  0.055285
Stage_5 0.589345  0.000177  0.054845
Stage_5 0.583000  0.000177  0.054408
Stage_5 0.576681  0.000177  0.053975
Stage_5 0.570387  0.000177  0.053545
Stage_5 0.564118  0.000177  0.053118
Stage_5 0.557874  0.000177  0.052695
Stage_5 0.551655  0.000177  0.052276
Stage_5 0.545460  0.000177  0.051859
Stage_5 0.539291  0.000177  0.051446
Stage_5 0.533146  0.000177  0.051036
Stage_5 0.527026  0.000177  0.050630
Stage_5 0.520930  0.000177  0.050226
Stage_5 0.514858  0.000177  0.049826
Stage_5 0.508811  0.000177  0.049429
Stage_5 0.502788  0.000177  0.049036
Stage_5 0.496788  0.000177  0.048645
Stage_5 0.490813  0.000177  0.048258
Stage_5 0.484862  0.000177  0.047873
Stage_5 0.478934  0.000177  0.047492
Stage_5 0.473030  0.000176  0.047114
Stage_5 0.467150  0.000176  0.046738
Stage_5 0.461293  0.000176  0.046366
Stage_5 0.455460  0.000176  0.045997
Stage_5 0.449650  0.000176  0.045630
Stage_5 0.443862  0.000176  0.045267
Stage_5 0.438099  0.000176  0.044906
Stage_5 0.432358  0.000176  0.044549
Stage_5 0.426640  0.000176  0.044194
Stage_5 0.420945  0.000176  0.043842
Stage_5 0.415272  0.000176  0.043492
Stage_5 0.409622  0.000176  0.043146
Stage_5 0.403995  0.000176  0.042802
Stage_5 0.398390  0.000176  0.042461
Stage_5 0.392808  0.000176  0.042123
Stage_5 0.387248  0.000176  0.041787
Stage_5 0.381710  0.000176  0.041455
Stage_5 0.376194  0.000176  0.041124
Stage_5 0.370700  0.000176  0.040797
Stage_5 0.365228  0.000176  0.040472
Stage_5 0.359778  0.000176  0.040149
Stage_5 0.354350  0.000176  0.039830
Stage_5 0.348944  0.000176  0.039512
Stage_5 0.343559  0.000176  0.039198
Stage_5 0.338195  0.000176  0.038885
Stage_5 0.332853  0.000176  0.038576
Stage_5 0.327532  0.000176  0.038268
Stage_5 0.322233  0.000176  0.037963
Stage_5 0.316954  0.000176  0.037661
Stage_5 0.311697  0.000176  0.037361
Stage_5 0.306461  0.000176  0.037063
Stage_5 0.301245  0.000176  0.036768
Stage_5 0.296051  0.000176  0.036475
Stage_5 0.290877  0.000176  0.036185
Stage_5 0.285724  0.000176  0.035896
Stage_5 0.280591  0.000176  0.035610
Stage_5 0.275479  0.000176  0.035327
Stage_5 0.270387  0.000176  0.035045
Stage_5 0.265316  0.000176  0.034766
Stage_5 0.260265  0.000176  0.034489
Stage_5 0.255234  0.000176  0.034214
Stage_5 0.250223  0.000176  0.033942
Stage_5 0.245232  0.000176  0.033671
Stage_5 0.240261  0.000176  0.033403
Stage_5 0.235310  0.000176  0.033137
Stage_5 0.230378  0.000176  0.032873
Stage_5 0.225467  0.000176  0.032611
Stage_5 0.220575  0.000176  0.032351
Stage_5 0.215702  0.000176  0.032094
Stage_5 0.210849  0.000176  0.031838
Stage_5 0.206015  0.000175  0.031584
Stage_5 0.201201  0.000175  0.031333
Stage_5 0.196406  0.000175  0.031083
Stage_5 0.191630  0.000175  0.030836
Stage_5 0.186873  0.000175  0.030590
Stage_5 0.182135  0.000175  0.030346
Stage_5 0.177416  0.000175  0.030104
Stage_5 0.172715  0.000175  0.029865
Stage_5 0.168034  0.000175  0.029627
Stage_5 0.163371  0.000175  0.029391
Stage_5 0.158727  0.000175  0.029156
Stage_5 0.154101  0.000175  0.028924
Stage_5 0.149494  0.000175  0.028694
Stage_5 0.144905  0.000175  0.028465
Stage_5 0.140335  0.000175  0.028238
Stage_5 0.135782  0.000175  0.028013
Stage_5 0.131248  0.000175  0.027790
Stage_5 0.126732  0.000175  0.027569
Stage_5 0.122235  0.000175  0.027349
Stage_5 0.117755  0.000175  0.027131
Stage_5 0.113292  0.000175  0.026915
Stage_5 0.108848  0.000175  0.026701
Stage_5 0.104422  0.000175  0.026488
Stage_5 0.100013  0.000175  0.026277
Stage_5 0.095622  0.000175  0.026068
Stage_5 0.091248  0.000175  0.025860
Stage_5 0.086892  0.000175  0.025654
Stage_5 0.082553  0.000175  0.025450
Stage_5 0.078231  0.000175  0.025247
Stage_5 0.073927  0.000175  0.025046
Stage_5 0.069640  0.000175  0.024846
Stage_5 0.065370  0.000175  0.024648
Stage_5 0.061117  0.000175  0.024452
Stage_5 0.056881  0.000175  0.024257
Stage_5 0.052662  0.000175  0.024064
Stage_5 0.048459  0.000175  0.023872
Stage_5 0.044274  0.000175  0.023682
Stage_5 0.040105  0.000175  0.023493
Stage_5 0.035953  0.000175  0.023306
Stage_5 0.031818  0.000175  0.023120
Stage_5 0.027698  0.000175  0.022936
Stage_5 0.023596  0.000175  0.022753
Stage_5 0.019510  0.000175  0.022572
Stage_5 0.015440  0.000175  0.022392
Stage_5 0.011386  0.000175  0.022214
Stage_5 0.007349  0.000175  0.022037
Stage_5 0.003327  0.000175  0.021861
Stage_5 0.000000  0.000175  0.021687
